0.0 -0.0007609585184764782 
0.05068029208018743 -0.0008035230814305252 
0.10136058416037841 -0.0008482958135845973 
0.15204087624056584 -0.0008953808899414172 
0.20272116832075682 -0.0009448868045127963 
0.25340146040094425 -0.0009969265166816063 
0.3040817524811352 -0.0010516176007796208 
0.35476204456132265 -0.0011090823988555523 
0.4054423366415101 -0.0011694481766008962 
0.45612262872170106 -0.0012328472823935914 
0.5068029208018885 -0.0012994173094119437 
0.5574832128820795 -0.0013693012607631418 
0.6081635049622669 -0.0014426477175619736 
0.6588437970424579 -0.0015196110098868103 
0.7095240891226453 -0.0016003513905301938 
0.7602043812028327 -0.0016850352114520454 
0.8108846732830237 -0.001773835102833042 
0.8615649653632111 -0.0018669301546152936 
0.9122452574434021 -0.0019645061004066105 
0.9629255495235896 -0.002066755503612882 
1.0136058416037788 -0.0021738779456516952 
1.064286133683968 -0.0022860802160876753 
1.1149664257641572 -0.0024035765045176175 
1.1656467178443464 -0.002526588594020195 
1.2163270099245356 -0.002655346055971598 
1.2670073020047248 -0.0027900864460143958 
1.3176875940849122 -0.0029310555009526445 
1.3683678861651014 -0.0030785073363313376 
1.4190481782452906 -0.003232704644443247 
1.4697284703254798 -0.003393918892490437 
1.520408762405669 -0.0035624305206118875 
1.5710890544858582 -0.0037385291394722337 
1.6217693465660474 -0.0039225137270898075 
1.6724496386462349 -0.0041146928245653185 
1.723129930726424 -0.004315384730354799 
1.7738102228066133 -0.004524917692712759 
1.8244905148868025 -0.004743630099913767 
1.8751708069669917 -0.004971870667841716 
1.9258510990471809 -0.005209998624518037 
1.97653139112737 -0.005458383891120958 
2.0272116832075575 -0.005717407259028847 
2.0778919752877467 -0.005987460562401688 
2.128572267367936 -0.00626894684579497 
2.179252559448125 -0.006562280526281132 
2.2299328515283143 -0.0068678875495339735 
2.2806131436085035 -0.0071862055393115245 
2.3312934356886927 -0.007517683939753577 
2.38197372776888 -0.007862784149890252 
2.4326540198490694 -0.008221979649738254 
2.4833343119292586 -0.00859575611734226 
2.534014604009448 -0.008984611536099255 
2.584694896089637 -0.009389056291684723 
2.635375188169826 -0.009809613257880608 
2.6860554802500154 -0.0102468178705864 
2.736735772330203 -0.010701218189276477 
2.787416064410392 -0.011173374945149056 
2.8380963564905812 -0.01166386157519474 
2.8887766485707704 -0.01217326424139584 
2.9394569406509596 -0.012702181834251581 
2.990137232731149 -0.013251225959808452 
3.040817524811338 -0.01382102090936048 
3.0914978168915255 -0.014412203610970179 
3.1421781089717147 -0.015025423561947344 
3.192858401051904 -0.015661342741411118 
3.243538693132093 -0.016320635502049492 
3.2942189852122823 -0.017003988440179845 
3.3448992772924715 -0.0177121002432061 
3.3955795693726607 -0.018445681513559 
3.446259861452848 -0.019205454568200952 
3.4969401535330373 -0.019992153212771143 
3.5476204456132265 -0.020806522489442997 
3.5983007376934157 -0.021649318397564708 
3.648981029773605 -0.02252130758615294 
3.699661321853794 -0.02342326701731056 
3.7503416139339834 -0.024355983599643683 
3.801021906014171 -0.0253202537907574 
3.85170219809436 -0.02631688316791712 
3.902382490174549 -0.027346685965971288 
3.9530627822547384 -0.02841048458164276 
4.003743074334928 -0.02950910904330927 
4.054423366415117 -0.030643396445409428 
4.105103658495306 -0.03181419034662858 
4.155783950575493 -0.033022340131039524 
4.206464242655684 -0.034268700331396444 
4.257144534735872 -0.03555412991380491 
4.307824826816061 -0.036879491523021606 
4.35850511889625 -0.03824565068766483 
4.4091854109764395 -0.03965347498465473 
4.459865703056629 -0.04110383316223511 
4.510545995136816 -0.042597594220972076 
4.561226287217007 -0.044135626452163734 
4.6119065792971945 -0.04571879643314248 
4.662586871377384 -0.04734796797900206 
4.713267163457573 -0.0490240010503277 
4.763947455537762 -0.05074775061657023 
4.814627747617951 -0.052520065474755274 
4.865308039698139 -0.054341787023286195 
4.91598833177833 -0.05621374799066022 
4.966668623858517 -0.05813677111898533 
5.017348915938706 -0.060111667802259156 
5.068029208018896 -0.06213923667944061 
5.118709500099085 -0.06422026218242637 
5.169389792179274 -0.06635551303912275 
5.220070084259461 -0.06854574073188782 
5.270750376339652 -0.0707916779117054 
5.32143066841984 -0.0730940367685417 
5.372110960500029 -0.07545350735843159 
5.422791252580218 -0.0778707558879306 
5.473471544660407 -0.0803464229566765 
5.524151836740597 -0.08288112175889846 
5.574832128820784 -0.08547543624482051 
5.625512420900975 -0.08812991924301188 
5.6761927129811625 -0.09084509054484523 
5.726873005061352 -0.09362143495234024 
5.777553297141541 -0.09645940029077658 
5.82823358922173 -0.09935939538758623 
5.878913881301919 -0.10232178801914517 
5.929594173382107 -0.10534690282721249 
5.980274465462298 -0.10843501920687983 
6.030954757542485 -0.11158636916802193 
6.081635049622674 -0.11480113517236643 
6.1323153417028635 -0.1180794479484173 
6.182995633783053 -0.12142138428660751 
6.233675925863242 -0.12482696481716918 
6.284356217943429 -0.12829615177334935 
6.33503651002362 -0.13182884674272116 
6.385716802103808 -0.13542488840946876 
6.436397094183997 -0.13908405029065782 
6.487077386264186 -0.14280603846962003 
6.537757678344375 -0.14659048932971858 
6.588437970424565 -0.15043696729187672 
6.639118262504752 -0.1543449625593807 
6.689798554584943 -0.1583138888735896 
6.74047884666513 -0.1623430812842996 
6.79115913874532 -0.16643179393863747 
6.841839430825509 -0.17057919789245982 
6.892519722905698 -0.17478437894835774 
6.943200014985887 -0.17904633552446605 
6.993880307066075 -0.18336397655838652 
7.044560599146266 -0.18773611945062976 
7.095240891226453 -0.1921614880520776 
7.145921183306642 -0.19663871070006367 
7.1966014753868315 -0.20116631830774168 
7.247281767467021 -0.2057427425115092 
7.29796205954721 -0.21036631388131166 
7.348642351627397 -0.21503526019872915 
7.399322643707588 -0.21974770480780767 
7.450002935787776 -0.22450166504364263 
7.500683227867965 -0.22929505074378517 
7.551363519948154 -0.23412566284755953 
7.602043812028343 -0.23899119208842864 
7.6527241041085325 -0.24388921778455536 
7.70340439618872 -0.24881720673272598 
7.754084688268911 -0.25377251221080405 
7.804764980349098 -0.25875237309387566 
7.855445272429288 -0.26375391308924057 
7.906125564509477 -0.26877414009536305 
7.956805856589666 -0.27380994568987865 
8.007486148669855 -0.2788581047516923 
8.058166440750044 -0.2839152752221542 
8.108846732830234 -0.28897799801022916 
8.159527024910421 -0.294042697046495 
8.21020731699061 -0.2991056794907176 
8.2608876090708 -0.30416313609764095 
8.311567901150989 -0.30921114174552417 
8.362248193231178 -0.3142456561318231 
8.412928485311367 -0.31926252464028093 
8.463608777391556 -0.324257479383535 
8.514289069471744 -0.3292261404251889 
8.564969361551933 -0.33416401718512107 
8.615649653632122 -0.3390665100316069 
8.666329945712311 -0.3439289120636418 
8.7170102377925 -0.34874641108662685 
8.76769052987269 -0.3535140917843611 
8.818370821952879 -0.35822693809004325 
8.869051114033066 -0.3628798357587338 
8.919731406113256 -0.3674675751434695 
8.970411698193445 -0.3719848541769447 
9.021091990273634 -0.3764262815603894 
9.071772282353823 -0.38078638016097677 
9.122452574434012 -0.38505959061878364 
9.173132866514202 -0.38924027516400683 
9.223813158594389 -0.39332272164481075 
9.274493450674578 -0.39730114776584174 
9.325173742754767 -0.40116970553708803 
9.375854034834957 -0.404922485932417 
9.426534326915146 -0.4085535237567414 
9.477214618995335 -0.4120568027203976 
9.527894911075524 -0.4154262607189312 
9.578575203155712 -0.41865579531609565 
9.6292554952359 -0.42173926942746964 
9.67993578731609 -0.42467051720169635 
9.73061607939628 -0.4274433500959386 
9.781296371476468 -0.4300515631417276 
9.831976663556658 -0.43248894139696803 
9.882656955636847 -0.434749266579437 
9.933337247717034 -0.4368263238766951 
9.984017539797224 -0.4387139089268998 
10.034697831877413 -0.4404058349645841 
10.085378123957602 -0.44189594012504146 
10.136058416037791 -0.4431780949005284 
10.18673870811798 -0.4442462097410749 
10.23741900019817 -0.44509424279227316 
10.288099292278357 -0.44571620776199367 
10.338779584358546 -0.4461061819075713 
10.389459876438735 -0.44625831413459144 
10.440140168518925 -0.4461668331980089 
10.490820460599114 -0.4458260559959377 
10.541500752679303 -0.44523039594606595 
10.592181044759492 -0.4443743714342737 
10.64286133683968 -0.4432526143246678 
10.693541628919869 -0.441859878519893 
10.744221921000058 -0.4401910485602389 
10.794902213080247 -0.43824114824973115 
10.845582505160436 -0.4360053492970874 
10.896262797240626 -0.43347897995911266 
10.946943089320815 -0.43065753367383347 
10.997623381401002 -0.42753667767040077 
11.048303673481191 -0.4241122615425464 
11.09898396556138 -0.42038032577214957 
11.14966425764157 -0.4163371101892619 
11.200344549721759 -0.4119790623547504 
11.251024841801948 -0.4073028458515553 
11.301705133882137 -0.40230534847041255 
11.352385425962325 -0.3969836902757728 
11.403065718042514 -0.39133523153754723 
11.453746010122703 -0.3853575805142483 
11.504426302202893 -0.3790486010730327 
11.555106594283082 -0.3724064201321446 
11.605786886363271 -0.365429434911255 
11.65646717844346 -0.358116319975226 
11.70714747052365 -0.3504660340568911 
11.757827762603837 -0.34247782664452486 
11.808508054684026 -0.334151244319792 
11.859188346764215 -0.3254861368321114 
11.909868638844404 -0.3164826628955372 
11.960548930924594 -0.30714129569446375 
12.011229223004783 -0.29746282808469077 
12.061909515084972 -0.28744837747664037 
12.11258980716516 -0.277099390387808 
12.163270099245349 -0.2664176466518454 
12.213950391325538 -0.2554052632720188 
12.264630683405727 -0.244064697907159 
12.315310975485916 -0.23239875197862164 
12.365991267566105 -0.22041057338721118 
12.416671559646295 -0.20810365882947307 
12.467351851726482 -0.19548185570325083 
12.518032143806671 -0.18254936359290985 
12.56871243588686 -0.1693107353251789 
12.61939272796705 -0.15577087758710942 
12.670073020047239 -0.14193505109825222 
12.720753312127428 -0.1278088703297621 
12.771433604207617 -0.11339830276377112 
12.822113896287805 -0.09870966768703311 
12.872794188367994 -0.08374963451351997 
12.923474480448183 -0.06852522063135101 
12.974154772528372 -0.05304378877014898 
13.024835064608562 -0.037313043885657524 
13.07551535668875 -0.021341029559204125 
13.12619564876894 -0.005136123910365788 
13.176875940849127 0.01129296497803483 
13.227556232929317 0.027937204122669194 
13.278236525009506 0.044787241189442606 
13.328916817089695 0.06183341052868923 
13.379597109169884 0.07906573969344549 
13.430277401250073 0.09647395643759961 
13.480957693330263 0.11404749618987703 
13.53163798541045 0.1317755099987871 
13.58231827749064 0.1496468729428127 
13.632998569570828 0.16765019299928058 
13.683678861651018 0.18577382036452095 
13.734359153731207 0.20400585721708 
13.785039445811396 0.2223341679149222 
13.835719737891585 0.2407463896167331 
13.886400029971773 0.25922994331662286 
13.937080322051962 0.2777720452807199 
13.987760614132151 0.29635971887335083 
14.03844090621234 0.3149798067597293 
14.08912119829253 0.3336189834713082 
14.139801490372719 0.3522637683191993 
14.190481782452908 0.3709005386403428 
14.241162074533095 0.3895155433603984 
14.291842366613285 0.40809491685664595 
14.342522658693474 0.42662469310351414 
14.393202950773663 0.4450908200827349 
14.443883242853852 0.4634791744394961 
14.494563534934041 0.4817755763653928 
14.54524382701423 0.49996580468842183 
14.59592411909442 0.5180356121497488 
14.646604411174607 0.5359707408464822 
14.697284703254796 0.5537569378192451 
14.747964995334986 0.5713799707628999 
14.798645287415175 0.5888256438384225 
14.849325579495364 0.6060798135635511 
14.900005871575553 0.6231284047595461 
14.950686163655742 0.6399574265311211 
15.00136645573593 0.6565529882563754 
15.052046747816119 0.67290131556338 
15.102727039896308 0.6889887662699054 
15.153407331976497 0.7048018462626982 
15.204087624056687 0.7203272252926315 
15.254767916136876 0.7355517526620464 
15.305448208217065 0.7504624727806227 
15.356128500297253 0.765046640566185 
15.406808792377442 0.7792917366669649 
15.457489084457631 0.7931854824819862 
15.50816937653782 0.8067158549564526 
15.55884966861801 0.819871101129247 
15.609529960698199 0.8326397524099431 
15.660210252778388 0.8450106385630565 
15.710890544858575 0.8569729013776328 
15.761570836938764 0.8685160080006881 
15.812251129018954 0.8796297639134558 
15.862931421099143 0.8903043255299109 
15.913611713179332 0.9005302123975555 
15.964292005259521 0.910298318981034 
16.01497229733971 0.9195999260097543 
16.065652589419898 0.9284267113713381 
16.11633288150009 0.9367707605334078 
16.167013173580276 0.9446245764769268 
16.217693465660467 0.9519810891250824 
16.268373757740655 0.9588336642524465 
16.319054049820842 0.9651761118600015 
16.369734341901033 0.9710026940024251 
16.42041463398122 0.9763081320549165 
16.47109492606141 0.9810876134077344 
16.5217752181416 0.9853367975775243 
16.57245551022179 0.9890518217254659 
16.623135802301977 0.9922293055732152 
16.673816094382165 0.994866355708604 
16.724496386462356 0.9969605692740405 
16.775176678542543 0.9985100370315688 
16.825856970622734 0.9995133457995621 
16.87653726270292 0.9999695802570479 
16.927217554783113 0.9998783241127062 
16.9778978468633 0.999239660636621 
17.028578138943487 0.9980541725539102 
17.07925843102368 0.9963229413004099 
17.129938723103866 0.9940475456416366 
17.180619015184057 0.9912300596572905 
17.231299307264244 0.9878730500946139 
17.281979599344435 0.98397957309494 
17.332659891424623 0.9795531702988066 
17.38334018350481 0.9745978643360076 
17.434020475585 0.9691181537079748 
17.48470076766519 0.9631190070708546 
17.53538105974538 0.9566058569286197 
17.586061351825567 0.9495845927465123 
17.636741643905758 0.9420615534960373 
17.687421935985945 0.9340435196436415 
17.738102228066133 0.9255377045960892 
17.788782520146324 0.9165517456164156 
17.83946281222651 0.9070936942251631 
17.890143104306702 0.8971720061024 
17.94082339638689 0.8867955305068193 
17.99150368846708 0.8759734992289135 
18.042183980547268 0.8647155150959762 
18.092864272627455 0.8530315400473019 
18.143544564707646 0.8409318827986345 
18.194224856787834 0.828427186115489 
18.244905148868025 0.8155284137155249 
18.295585440948212 0.8022468368207041 
18.346265733028403 0.788594020380399 
18.39694602510859 0.7745818089871084 
18.447626317188778 0.7602223125067855 
18.49830660926897 0.7455278914461859 
18.548986901349156 0.7305111420799286 
18.599667193429347 0.7151848813602293 
18.650347485509535 0.6995621316325326 
18.701027777589726 0.6836561051803931 
18.751708069669913 0.6674801886231647 
18.8023883617501 0.6510479271900833 
18.85306865383029 0.6343730088944461 
18.90374894591048 0.6174692486315615 
18.95442923799067 0.6003505722241073 
19.005109530070857 0.5830310004385008 
19.05578982215105 0.565524632995704 
19.106470114231236 0.5478456325997962 
19.157150406311423 0.5300082090073731 
19.207830698391614 0.5120266031606535 
19.2585109904718 0.4939150714068602 
19.309191282551993 0.4756878698261057 
19.35987157463218 0.4573592386897148 
19.41055186671237 0.4389433870704399 
19.46123215879256 0.42045447762567817 
19.511912450872746 0.40190661157425506 
19.562592742952937 0.38331381388690783 
19.613273035033124 0.36469001871003104 
19.663953327113315 0.3460490550416832 
19.714633619193503 0.32740463267830416 
19.765313911273694 0.30877032844991226 
19.81599420335388 0.2901595727609726 
19.86667449543407 0.27158563645338785 
19.91735478751426 0.2530616180074394 
19.968035079594447 0.23460043109574144 
20.018715371674638 0.21621479250454628 
20.069395663754825 0.19791721043601881 
20.120075955835016 0.17971997320427052 
20.170756247915204 0.16163513833722648 
20.22143653999539 0.14367452209553053 
20.272116832075582 0.12584968941895322 
20.32279712415577 0.10817194430990028 
20.37347741623596 0.09065232066280143 
20.424157708316148 0.07330157354736172 
20.47483800039634 0.05613017095275592 
20.525518292476526 0.039148285999086554 
20.576198584556714 0.022365789621499092 
20.626878876636905 0.005792243731589393 
20.677559168717092 -0.01056310514015613 
20.728239460797283 -0.026691331717966643 
20.77891975287747 -0.04258383736831777 
20.82960004495766 -0.05823235500014297 
20.88028033703785 -0.07362895347722287 
20.930960629118037 -0.08876604154312924 
20.981640921198228 -0.10363637125981694 
21.032321213278415 -0.11823304096178602 
21.083001505358606 -0.13254949772848573 
21.133681797438793 -0.14657953937835286 
21.184362089518984 -0.16031731598865925 
21.235042381599172 -0.17375733094598975 
21.28572267367936 -0.1868944415329342 
21.33640296575955 -0.199723859057184 
21.387083257839738 -0.21224114852991735 
21.43776354991993 -0.22444222790097731 
21.488443842000116 -0.23632336685892527 
21.539124134080307 -0.24788118520467897 
21.589804426160494 -0.2591126508079444 
21.640484718240682 -0.27001507715623935 
21.691165010320873 -0.2805861205067534 
21.74184530240106 -0.29082377665180703 
21.79252559448125 -0.300726377309107 
21.84320588656144 -0.3102925861484021 
21.89388617864163 -0.31952139446657063 
21.944566470721817 -0.328412116523491 
21.995246762802005 -0.33696438455143074 
22.045927054882196 -0.34517814345095166 
22.096607346962383 -0.35305364518663623 
22.147287639042574 -0.3605914428961842 
22.19796793112276 -0.36779238472663006 
22.248648223202952 -0.3746576074116534 
22.29932851528314 -0.3811885296040831 
22.350008807363327 -0.3873868449778637 
22.400689099443518 -0.39325451511382503 
22.451369391523706 -0.39879376218369805 
22.502049683603897 -0.40400706144686227 
22.552729975684084 -0.408897133574322 
22.603410267764275 -0.41346693681442653 
22.654090559844462 -0.41771965901479546 
22.70477085192465 -0.4216587095148754 
22.75545114400484 -0.42528771092345813 
22.80613143608503 -0.4286104907953955 
22.85681172816522 -0.43163107322161454 
22.907492020245407 -0.43435367034638245 
22.958172312325598 -0.4367826738256039 
23.008852604405785 -0.43892264623973204 
23.059532896485976 -0.4407783124746662 
23.110213188566163 -0.442354551083768 
23.16089348064635 -0.4436563856438822 
23.211573772726542 -0.4446889761179695 
23.26225406480673 -0.44545761023667785 
23.31293435688692 -0.4459676949108721 
23.363614648967108 -0.4462247476868218 
23.4142949410473 -0.44623438825541856 
23.464975233127486 -0.4460023300264447 
23.515655525207674 -0.4455343717785608 
23.566335817287865 -0.44483638939530873 
23.617016109368052 -0.4439143276970493 
23.667696401448243 -0.44277419237836585 
23.71837669352843 -0.44142204206007013 
23.76905698560862 -0.43986398046454134 
23.81973727768881 -0.4381061487227238 
23.870417569768996 -0.43615471782069154 
23.921097861849187 -0.43401588119327134 
23.971778153929375 -0.43169584747179435 
24.022458446009566 -0.42920083339261816 
24.073138738089753 -0.42653705687264465 
24.123819030169944 -0.42371073025762007 
24.17449932225013 -0.4207280537485911 
24.22517961433032 -0.4175952090114547 
24.27585990641051 -0.4143183529741231 
24.326540198490697 -0.41090361181540447 
24.37722049057089 -0.40735707514927816 
24.427900782651076 -0.4036847904078383 
24.478581074731267 -0.3998927574257631 
24.529261366811454 -0.39598692322877627 
24.57994165889164 -0.3919731770281553 
24.630621950971832 -0.38785734542297123 
24.68130224305202 -0.38364518781134654 
24.73198253513221 -0.3793423920116511 
24.7826628272124 -0.37495457009419486 
24.83334311929259 -0.3704872544236098 
24.884023411372777 -0.3659458939117785 
24.934703703452964 -0.36133585048081707 
24.985383995533155 -0.35666239573530756 
25.036064287613343 -0.3519307078426494 
25.086744579693534 -0.34714586862009367 
25.13742487177372 -0.34231286082674167 
25.188105163853912 -0.33743656565849034 
25.2387854559341 -0.33252176044365495 
25.289465748014287 -0.327573116536722 
25.340146040094478 -0.3225951974074574 
25.390826332174665 -0.31759245692234767 
25.441506624254856 -0.3125692378151314 
25.492186916335044 -0.3075297703429807 
25.542867208415235 -0.30247817112467573 
25.593547500495422 -0.29741844215695273 
25.64422779257561 -0.2923544700050122 
25.6949080846558 -0.2872900251630337 
25.745588376735988 -0.28222876158038374 
25.79626866881618 -0.2771742163490715 
25.846948960896366 -0.27212980954788957 
25.897629252976557 -0.267098844238554 
25.948309545056745 -0.26208450660907817 
25.998989837136932 -0.2570898662595021 
26.049670129217123 -0.2521178766250507 
26.10035042129731 -0.24717137553170881 
26.1510307133775 -0.24225308587915453 
26.20171100545769 -0.23736561644595788 
26.25239129753788 -0.23251146281190177 
26.303071589618067 -0.2276930083922826 
26.353751881698255 -0.22291252557901256 
26.404432173778446 -0.21817217698336483 
26.455112465858633 -0.21347401677519612 
26.505792757938824 -0.20881999211349922 
26.55647305001901 -0.2042119446631728 
26.607153342099203 -0.19965161219291144 
26.65783363417939 -0.19514063024918066 
26.708513926259577 -0.19068053390126966 
26.75919421833977 -0.18627275955249045 
26.809874510419956 -0.1819186468126398 
26.860554802500147 -0.1776194404269157 
26.911235094580334 -0.17337629225656195 
26.961915386660525 -0.16919026330658196 
27.012595678740713 -0.16506232579596805 
27.0632759708209 -0.160993365265966 
27.11395626290109 -0.1569841827220079 
27.16463655498128 -0.15303549680503872 
27.21531684706147 -0.149147945988066 
27.265997139141657 -0.14532209079388303 
27.316677431221848 -0.14155841603001032 
27.367357723302035 -0.13785733303703498 
27.418038015382223 -0.13421918194662805 
27.468718307462414 -0.13064423394565514 
27.5193985995426 -0.1271326935429089 
27.570078891622792 -0.12368470083511629 
27.62075918370298 -0.12030033376900805 
27.67143947578317 -0.11697961039635053 
27.722119767863358 -0.11372249111898182 
27.772800059943545 -0.11052888092100921 
27.823480352023736 -0.10739863158546346 
27.874160644103924 -0.10433154389282853 
27.924840936184115 -0.10132736979899022 
27.975521228264302 -0.09838581459028482 
28.026201520344493 -0.0955065390134419 
28.07688181242468 -0.09268916137835537 
28.127562104504868 -0.08993325963172653 
28.17824239658506 -0.08723837339976137 
28.228922688665246 -0.08460400599821206 
28.279602980745437 -0.08202962640818078 
28.330283272825625 -0.07951467121622215 
28.380963564905816 -0.07705854651738774 
28.431643856986003 -0.07466062977998421 
28.48232414906619 -0.07232027167091057 
28.53300444114638 -0.07003679784056634 
28.58368473322657 -0.06780951066641466 
28.63436502530676 -0.06563769095439478 
28.685045317386948 -0.06352059959748067 
28.73572560946714 -0.061457479190772525 
28.786405901547326 -0.059447555602614055 
28.837086193627513 -0.057490039501308446 
28.887766485707704 -0.055584127837104834 
28.93844677778789 -0.053729005279207986 
28.989127069868083 -0.05192384560764478 
29.03980736194827 -0.05016781305990733 
29.09048765402846 -0.04846006363236039 
29.14116794610865 -0.04679974633648129 
29.19184823818884 -0.045186004410064214 
29.242528530269027 -0.04361797648359346 
29.293208822349214 -0.042094797702046355 
29.343889114429405 -0.04061560080245471 
29.394569406509593 -0.03917951714760392 
29.445249698589784 -0.03778567771630587 
29.49592999066997 -0.036433214050734165 
29.546610282750162 -0.035121259161351975 
29.59729057483035 -0.033848948390015406 
29.647970866910537 -0.03261542023186901 
29.698651158990728 -0.031419817116694455 
29.749331451070915 -0.03026128615040689 
29.800011743151106 -0.029138979817424693 
29.850692035231294 -0.028052056644673414 
29.901372327311485 -0.02699968182800557 
29.952052619391672 -0.02598102782184912 
30.00273291147186 -0.02499527489291491 
30.05341320355205 -0.02404161163881569 
30.104093495632238 -0.02311923547246631 
30.15477378771243 -0.022227353073147604 
30.205454079792617 -0.02136518080513339 
30.256134371872808 -0.020531945104785204 
30.306814663952995 -0.019726882837032892 
30.357494956033182 -0.01894924162216142 
30.408175248113373 -0.01819828013383201 
30.45885554019356 -0.01747326836926596 
30.50953583227375 -0.01677348789252107 
30.56021612435394 -0.016098232051790735 
30.61089641643413 -0.015446806171651077 
30.661576708514318 -0.014818527721180311 
30.712257000594505 -0.014212726458865718 
30.762937292674696 -0.01362874455521018 
30.813617584754883 -0.013065936693939448 
30.864297876835074 -0.012523670152702941 
30.914978168915262 -0.012001324864151338 
30.965658460995453 -0.011498293458260363 
31.01633875307564 -0.011013981286760365 
31.067019045155828 -0.010547806430515392 
31.11769933723602 -0.010099199690682842 
31.168379629316206 -0.009667604564469346 
31.219059921396397 -0.009252477206281536 
31.269740213476585 -0.00885328637505639 
31.320420505556775 -0.008469513368536083 
31.371100797636963 -0.008100651945237085 
31.42178108971715 -0.007746208234843817 
31.47246138179734 -0.007405700637739494 
31.52314167387753 -0.007078659714368169 
31.57382196595772 -0.00676462806510231 
31.624502258037907 -0.006463160201272044 
31.675182550118098 -0.006173822407991989 
31.725862842198286 -0.0058961925994025334 
31.776543134278473 -0.005629860166922438 
31.827223426358664 -0.005374425821090442 
31.87790371843885 -0.005129501427553514 
31.928584010519042 -0.00489470983773957 
31.97926430259923 -0.004669684714733668 
32.02994459467942 -0.0044540703548561125 
32.08062488675961 -0.00424752150542283 
32.131305178839796 -0.004049703179147811 
32.18198547091998 -0.0038602904656297454 
32.23266576300018 -0.003678968340345175 
32.283346055080365 -0.0035054314715528773 
32.33402634716055 -0.003339384025494784 
32.38470663924074 -0.0031805394702623026 
32.435386931320934 -0.0030286203786778518 
32.48606722340112 -0.0028833582305249606 
32.53674751548131 -0.002744493214442862 
32.5874278075615 -0.0026117740297853173 
32.638108099641684 -0.0024849576887267127 
32.68878839172188 -0.002363809318882926 
32.739468683802066 -0.0022481019666988644 
32.79014897588225 -0.0021376164018394317 
32.84082926796244 -0.0020321409228063365 
32.89150956004263 -0.0019314711639884638 
32.94218985212282 -0.001835409904340127 
32.99287014420301 -0.0017437668778678144 
33.0435504362832 -0.0016563585860931958 
33.094230728363385 -0.0015730081126477332 
33.14491102044358 -0.0014935449401417896 
33.19559131252377 -0.0014178047694398963 
33.246271604603955 -0.0013456293414620066 
33.29695189668414 -0.0012768662616203619 
33.34763218876433 -0.0012113688269906732 
33.398312480844524 -0.001148995856306509 
33.44899277292471 -0.001089611522856351 
33.4996730650049 -0.001033085190353176 
33.550353357085086 -0.0009792912518382028 
33.601033649165274 -0.0009281089716716017 
33.65171394124547 -0.0008794223306551785 
33.702394233325656 -0.000833119874324508 
33.75307452540584 -0.000789094564440501 
33.80375481748603 -0.000747243633703891 
33.854435109566225 -0.000707468443709312 
33.90511540164641 -0.0006696743461496508 
33.9557956937266 -0.0006337705472754885 
34.00647598580679 -0.0005996699756090526 
34.057156277886975 -0.0005672891529068414 
34.10783656996717 -0.0005365480683603515 
34.15851686204736 -0.0005073700560197499 
34.209197154127544 -0.0004796816754211084 
34.25987744620773 -0.00045341259539394664 
34.31055773828792 -0.0004284954810220639 
34.36123803036811 -0.00040486588372731905 
34.4119183224483 -0.00038246213444285715 
34.46259861452849 -0.0003612252398393637 
34.513278906608676 -0.0003410987815653687 
34.56395919868887 -0.0003220288184600847 
34.61463949076906 -0.0003039637916951816 
34.665319782849245 -0.00028685443279980203 
34.71600007492943 -0.00027065367452146894 
34.76668036700962 -0.00025531656447382614 
34.817360659089815 -0.000240800181520819 
34.86804095117 -0.00022706355484569156 
34.91872124325019 -0.0002140675856520562 
34.96940153533038 -0.00020177497144349346 
35.020081827410564 -0.0001901501328272875 
35.07076211949076 -0.00017915914278734927 
35.121442411570946 -0.0001687696583709137 
35.172122703651134 -0.00015895085473319794 
35.22280299573132 -0.00014967336148406655 
35.273483287811516 -0.0001409092012805562 
35.3241635798917 -0.00013263173060916466 
35.37484387197189 -0.0001248155827018671 
35.42552416405208 -0.00011743661253004022 
35.476204456132265 -0.0001104718438207247 
35.52688474821246 -0.00010389941804002042 
35.57756504029265 -9.769854528884306e-05 
35.628245332372835 -9.184945705675152e-05 
35.67892562445302 -8.633336078014426e-05 
35.72960591653321 -8.113239615171538e-05 
35.780286208613404 -7.622959312875384e-05 
35.83096650069359 -7.160883158858179e-05 
35.88164679277378 -6.72548025801932e-05 
35.932327084853966 -6.315297112197398e-05 
35.98300737693416 -5.928954049620355e-05 
36.03368766901435 -5.565141799193473e-05 
36.084367961094536 -5.222618204872359e-05 
36.13504825317472 -4.9002050754635286e-05 
36.18572854525491 -4.5967851652872365e-05 
36.236408837335105 -4.311299281234703e-05 
36.28708912941529 -4.042743511849881e-05 
36.33776942149548 -3.7901665741637425e-05 
36.38844971357567 -3.5526672741104155e-05 
36.439130005655855 -3.32939207645378e-05 
36.48981029773605 -3.119532780254342e-05 
36.54049058981624 -2.9223242960079553e-05 
36.591170881896424 -2.7370425206875583e-05 
36.64185117397661 -2.56300230702181e-05 
36.692531466056806 -2.3995555234432453e-05 
36.743211758136994 -2.246089201239452e-05 
36.79389205021718 -2.1020237655394044e-05 
36.84457234229737 -1.9668113468657768e-05 
36.895252634377556 -1.83993417008096e-05 
36.94593292645775 -1.720903017650873e-05 
36.99661321853794 -1.6092557642455864e-05 
37.047293510618125 -1.50455597978921e-05 
37.09797380269831 -1.4063915981640559e-05 
37.1486540947785 -1.3143736488644243e-05 
37.199334386858695 -1.228135048984677e-05 
37.25001467893888 -1.1473294530138078e-05 
37.30069497101907 -1.0716301579943597e-05 
37.35137526309926 -1.0007290616878941e-05 
37.40205555517945 -9.34335671471325e-06 
37.45273584725964 -8.72176161769061e-06 
37.503416139339826 -8.139924779044093e-06 
37.554096431420014 -7.59541484330831e-06 
37.6047767235002 -7.085941552782438e-06 
37.655457015580396 -6.609348059227929e-06 
37.70613730766058 -6.1636036225973534e-06 
37.75681759974077 -5.7467966792811295e-06 
37.80749789182096 -5.357128263036051e-06 
37.858178183901146 -4.9929057624114586e-06 
37.90885847598134 -4.652536999126267e-06 
37.95953876806153 -4.334524612468162e-06 
38.010219060141715 -4.03746073538327e-06 
38.0608993522219 -3.7600219485078153e-06 
38.1115796443021 -3.5009644989535543e-06 
38.162259936382284 -3.2591197712048144e-06 
38.21294022846247 -3.033389998011197e-06 
38.26362052054266 -2.8227441996706354e-06 
38.31430081262285 -2.626214340589013e-06 
38.36498110470304 -2.4428916924791774e-06 
38.41566139678323 -2.2719233940217787e-06 
38.466341688863416 -2.112509197252442e-06 
38.5170219809436 -1.9638983913692553e-06 
38.56770227302379 -1.8253868950648774e-06 
38.618382565103985 -1.696314508885569e-06 
38.66906285718417 -1.576062319501743e-06 
38.71974314926436 -1.4640502481418332e-06 
38.77042344134455 -1.359734735796453e-06 
38.82110373342474 -1.2626065581388874e-06 
38.87178402550493 -1.1721887634359437e-06 
38.92246431758512 -1.0880347270368297e-06 
38.973144609665304 -1.0097263163296834e-06 
39.02382490174549 -9.368721603447831e-07 
39.074505193825686 -8.691060184610453e-07 
39.125185485905874 -8.060852429389621e-07 
39.17586577798606 -7.474893302580255e-07 
39.22654607006625 -6.930185564814599e-07 
39.27722636214644 -6.423926921050311e-07 
39.32790665422663 -5.953497920707931e-07 
39.37858694630682 -5.51645056841092e-07 
39.429267238387006 -5.11049760633221e-07 
39.47994753046719 -4.73350243111051e-07 
39.53062782254739 -4.3834696101740366e-07 
39.581308114627575 -4.0585359640975967e-07 
39.63198840670776 -3.756962183327832e-07 
39.68266869878795 -3.4771249492427587e-07 
39.73334899086814 -3.217509531066303e-07 
39.78402928294833 -2.976702831643572e-07 
39.83470957502852 -2.753386856496023e-07 
39.88538986710871 -2.546332581924429e-07 
39.936070159188894 -2.3543941992117258e-07 
39.98675045126909 -2.1765037132000814e-07 
40.037430743349276 -2.0116658746814505e-07 
40.08811103542946 -1.858953427147416e-07 
40.13879132750965 -1.7175026494990056e-07 
40.18947161958984 -1.586509177317961e-07 
40.24015191167003 -1.4652240862539637e-07 
40.29083220375022 -1.3529502219866162e-07 
40.34151249583041 -1.249038762080797e-07 
40.392192787910595 -1.1528859958700935e-07 
40.44287307999078 -1.0639303092773529e-07 
40.49355337207098 -9.816493622167632e-08 
40.544233664151164 -9.055574469186823e-08 
40.59491395623135 -8.352030161797213e-08 
40.64559424831154 -7.701663711672281e-08 
40.696274540391734 -7.100574990008021e-08 
40.74695483247192 -6.545140508963376e-08 
40.79763512455211 -6.031994521900565e-08 
40.848315416632296 -5.558011360649156e-08 
40.898995708712484 -5.120288932781325e-08 
40.94967600079268 -4.716133306403752e-08 
41.000356292872866 -4.343044314238223e-08 
41.05103658495305 -3.998702112796376e-08 
41.10171687703324 -3.6809546362713065e-08 
41.15239716911343 -3.3878058883672594e-08 
41.20307746119362 -3.117405018694522e-08 
41.25375775327381 -2.8680361335685674e-08 
41.304438045354 -2.6381087940838042e-08 
41.355118337434185 -2.426149157196628e-08 
41.40579862951438 -2.2307917182487134e-08 
41.45647892159457 -2.0507716159089516e-08 
41.507159213674754 -1.8849174629108868e-08 
41.55783950575494 -1.7321446682247197e-08 
41.60851979783513 -1.5914492184330348e-08 
41.65920008991532 -1.4619018880860326e-08 
41.70988038199551 -1.3426428507019476e-08 
41.7605606740757 -1.2328766638563035e-08 
41.811240966155886 -1.1318676034775314e-08 
41.86192125823607 -1.0389353240408115e-08 
41.91260155031627 -9.53450822832261e-09 
41.963281842396455 -8.748326878480483e-09 
42.01396213447664 -8.025436102008721e-09 
42.06464242655683 -7.3608714313587645e-09 
42.115322718637024 -6.750046909126603e-09 
42.16600301071721 -6.188727118943165e-09 
42.2166833027974 -5.673001212025146e-09 
42.26736359487759 -5.1992587925312826e-09 
42.318043886957774 -4.764167533830632e-09 
42.36872417903797 -4.364652406200034e-09 
42.419404471118156 -3.99787640435052e-09 
42.470084763198344 -3.6612226705740803e-09 
42.52076505527853 -3.3522779162299843e-09 
42.57144534735872 -3.068817050778001e-09 
42.62212563943891 -2.8087889336463066e-09 
42.6728059315191 -2.570303169912802e-09 
42.72348622359929 -2.3516178761075013e-09 
42.774166515679475 -2.151128347430847e-09 
42.82484680775967 -1.9673565623477074e-09 
42.87552709983986 -1.7989414648817794e-09 
42.926207391920045 -1.644629969014808e-09 
42.97688768400023 -1.5032686334112132e-09 
43.02756797608042 -1.3737959582528845e-09 
43.078248268160614 -1.2552352593006288e-09 
43.1289285602408 -1.146688077410319e-09 
43.17960885232099 -1.0473280846368286e-09 
43.230289144401176 -9.563954507721401e-10 
43.280969436481364 -8.731916366950148e-10 
43.33164972856156 -7.970745832722366e-10 
43.382330020641746 -7.274542667545803e-10 
43.43301031272193 -6.637885936657198e-10 
43.48369060480212 -6.055796100980615e-10 
43.534370896882315 -5.523700021149487e-10 
43.5850511889625 -5.037398656228264e-10 
43.63573148104269 -4.5930372562651684e-10 
43.68641177312288 -4.187077862249602e-10 
43.737092065203065 -3.8162739404820694e-10 
43.78777235728326 -3.477646990879385e-10 
43.83845264936345 -3.168464980380293e-10 
43.889132941443634 -2.8862224634456963e-10 
43.93981323352382 -2.628622261726729e-10 
43.99049352560401 -2.393558584337507e-10 
44.041173817684204 -2.1791014788811814e-10 
44.09185410976439 -1.983482511470729e-10 
44.14253440184458 -1.8050815815051163e-10 
44.193214693924766 -1.6424147839493338e-10 
44.24389498600496 -1.494123238351732e-10 
44.29457527808515 -1.3589628098565372e-10 
44.345255570165335 -1.235794653059175e-10 
44.39593586224552 -1.1235765147399279e-10 
44.44661615432571 -1.0213547363242264e-10 
44.497296446405905 -9.282569013810603e-11 
44.54797673848609 -8.434850776105292e-11 
44.59865703056628 -7.663096066078797e-11 
44.64933732264647 -6.960633982475143e-11 
44.700017614726654 -6.321366898250917e-11 
44.75069790680685 -5.739722331475886e-11 
44.801378198887036 -5.2106087558770266e-11 
44.852058490967224 -4.729375037354887e-11 
44.90273878304741 -4.291773207023885e-11 
44.953419075127606 -3.8939243037404086e-11 
45.00409936720779 -3.532287039818707e-11 
45.05477965928798 -3.203629062814045e-11 
45.10545995136817 -2.905000603988241e-11 
45.156140243448355 -2.6337103204665898e-11 
45.20682053552855 -2.3873031532502107e-11 
45.25750082760874 -2.163540037248272e-11 
45.308181119688925 -1.9603793124299194e-11 
45.35886141176911 -1.775959697141914e-11 
45.4095417038493 -1.6085846956671223e-11 
45.460221995929494 -1.4567083222819377e-11 
45.51090228800968 -1.3189220334665303e-11 
45.56158258008987 -1.1939427685921406e-11 
45.61226287217006 -1.0806020074071036e-11 
45.66294316425025 -9.778357600180851e-12 
45.71362345633044 -8.846754118634202e-12 
45.764303748410626 -8.002393524425621e-12 
45.81498404049081 -7.237253223424256e-12 
45.865664332571 -6.544034184223935e-12 
45.916344624651195 -5.916097019215962e-12 
45.96702491673138 -5.347403587659596e-12 
46.01770520881157 -4.832463655077695e-12 
46.06838550089176 -4.3662861815587734e-12 
46.11906579297195 -3.9443348467407965e-12 
46.16974608505214 -3.562487451635207e-12 
46.22042637713233 -3.2169988672314992e-12 
46.271106669212514 -2.904467227212055e-12 
46.3217869612927 -2.6218030872823677e-12 
46.372467253372896 -2.3662012967652227e-12 
46.423147545453084 -2.1351153493710936e-12 
46.47382783753327 -1.9262339995919324e-12 
46.52450812961346 -1.737459949109095e-12 
46.575188421693646 -1.5668904240800807e-12 
46.62586871377384 -1.4127994792947796e-12 
46.67654900585403 -1.2736218790735673e-12 
46.727229297934215 -1.147938417516534e-12 
46.7779095900144 -1.0344625524002589e-12 
46.8285898820946 -9.320282377343155e-13 
46.879270174174785 -8.395788498182399e-13 
46.92995046625497 -7.561571106482407e-13 
46.98063075833516 -6.808959207802122e-13 
47.03131105041535 -6.130100213215342e-13 
47.08199134249554 -5.517884116551417e-13 
47.13267163457573 -4.965874558476967e-13 
47.18335192665592 -4.468246165061955e-13 
47.234032218736104 -4.0197276016884987e-13 
47.28471251081629 -3.615549831862644e-13 
47.335392802896486 -3.2513991150534976e-13 
47.38607309497667 -2.9233743184540856e-13 
47.43675338705686 -2.627948154844092e-13 
47.48743367913705 -2.3619319928312133e-13 
47.53811397121724 -2.122443916916731e-13 
47.58879426329743 -1.906879743318968e-13 
47.63947455537762 -1.7128867235202142e-13 
47.690154847457805 -1.5383396912839773e-13 
47.74083513953799 -1.381319430609597e-13 
47.79151543161819 -1.2400930619256454e-13 
47.842195723698374 -1.1130962619297237e-13 
47.89287601577856 -9.989171490094819e-14 
47.94355630785875 -8.962816812599485e-14 
47.99423659993894 -8.040404278704055e-14 
48.04491689201913 -7.21156587202995e-14 
48.09559718409932 -6.4669513632791e-14 
48.146277476179506 -5.798130072128143e-14 
48.19695776825969 -5.19750194272804e-14 
48.24763806033989 -4.658217066523455e-14 
48.298318352420075 -4.174102865052446e-14 
48.34899864450026 -3.7395982172909924e-14 
48.39967893658045 -3.349693881593087e-14 
48.45035922866064 -2.9998786218914e-14 
48.50103952074083 -2.6860905020918723e-14 
48.55171981282102 -2.40467286197936e-14 
48.60240010490121 -2.152334532881813e-14 
48.653080396981395 -1.926113892212441e-14 
48.70376068906158 -1.7233463931761295e-14 
48.75444098114178 -1.5416352397213676e-14 
48.805121273221964 -1.3788249075378809e-14 
48.85580156530215 -1.232977239817502e-14 
48.90648185738234 -1.1023498718629581e-14 
48.95716214946253 -9.853767616710424e-15 
49.00784244154272 -8.806506245447288e-15 
49.05852273362291 -7.869070887900215e-15 
49.109203025703096 -7.0301040680409646e-15 
49.15988331778328 -6.279405715160501e-15 
49.21056360986348 -5.60781702348294e-15 
49.261243901943665 -5.007115777536833e-15 
49.31192419402385 -4.469922030720473e-15 
49.36260448610404 -3.9896131304936936e-15 
49.41328477818423 -3.560247179713351e-15 
49.46396507026442 -3.1764941107277e-15 
49.51464536234461 -2.83357362776668e-15 
49.5653256544248 -2.527199344667695e-15 
49.616005946504984 -2.2535285097445448e-15 
49.66668623858518 -2.0091167682553367e-15 
49.717366530665366 -1.7908774660294162e-15 
49.76804682274555 -1.59604504587803e-15 
49.81872711482574 -1.4221421319140155e-15 
49.86940740690593 -1.2669499362629273e-15 
49.92008769898612 -1.1284816582499602e-15 
49.97076799106631 -1.0049585783460325e-15 
50.0214482831465 -8.947885782688049e-16 
50.072128575226685 -7.965468449529204e-16 
50.12280886730687 -7.08958539889762e-16 
50.17348915938707 -6.308832368294689e-16 
50.224169451467255 -5.6130095025515745e-16 
50.27484974354744 -4.992995945758075e-16 
50.32553003562763 -4.4406372982049784e-16 
50.376210327707824 -3.9486446391343246e-16 
50.42689061978801 -3.510503945133444e-16 
50.4775709118682 -3.120394850461048e-16 
50.528251203948386 -2.773117800656144e-16 
50.578931496028574 -2.464028745548472e-16 
50.62961178810877 -2.1889806032544646e-16 
50.680292080188956 -1.9442708037990483e-16 
