background
2D
86
10 -1 1 145 140 1.0
21 -1 1 155 135 1.0
32 -1 1 165 130 1.0
5 -2 2 140 142 0.36363636363635976 140 141 0.6363636363636402
8 -2 2 142 140 0.2727272727272734 143 140 0.7272727272727266
16 -2 2 150 137 0.36363636363635976 150 136 0.6363636363636402
19 -2 2 152 135 0.27272727272726627 153 135 0.7272727272727337
27 -2 2 160 132 0.36363636363637397 160 131 0.636363636363626
30 -2 2 162 130 0.2727272727272734 163 130 0.7272727272727266
38 -2 2 170 127 0.36363636363637397 170 126 0.636363636363626
41 -2 2 172 125 0.2727272727272698 173 125 0.7272727272727302
0 -2 4 135 143 0.19834710743801875 136 143 0.1652892561983481 135 144 0.347107438016528 136 144 0.28925619834710514
0 -1 4 135 144 0.04132231404958783 136 144 0.4132231404958654 135 145 0.04958677685950566 136 145 0.4958677685950411
1 -2 4 136 143 0.5206611570247978 137 143 0.2975206611570223 136 144 0.11570247933884245 137 144 0.06611570247933743
1 -1 4 136 144 0.16528925619835133 137 144 0.7438016528925552 136 145 0.01652892561983565 137 145 0.07438016528925784
2 -2 4 137 142 0.1983471074380168 138 142 0.07438016528925655 137 143 0.5289256198347098 138 143 0.1983471074380168
2 -1 4 137 143 0.09917355371900745 138 143 0.2644628099173523 137 144 0.17355371900826594 138 144 0.4628099173553743
3 -2 4 138 142 0.5950413223140563 139 142 0.13223140495867744 138 143 0.22314049586776383 139 143 0.04958677685950243
3 -1 4 138 143 0.29752066115702813 139 143 0.520661157024792 138 144 0.06611570247933872 139 144 0.11570247933884116
4 -2 4 139 141 0.16528925619835133 140 141 0.01652892561983565 139 142 0.7438016528925552 140 142 0.07438016528925784
4 -1 4 139 142 0.12396694214876028 140 142 0.1487603305785131 139 143 0.330578512396693 140 143 0.3966942148760336
5 -1 4 140 142 0.3966942148760336 141 142 0.330578512396693 140 143 0.1487603305785131 141 143 0.12396694214876028
6 -2 4 140 140 0.008264462809917826 141 140 0.08264462809917567 140 141 0.08264462809917567 141 141 0.8264462809917308
6 -1 4 141 141 0.11570247933884245 142 141 0.06611570247933743 141 142 0.5206611570247978 142 142 0.2975206611570223
7 -2 4 141 140 0.09917355371901132 142 140 0.4462809917355354 141 141 0.08264462809917567 142 141 0.3719008264462776
7 -1 4 142 141 0.4628099173553737 143 141 0.17355371900825947 142 142 0.26446280991736004 143 142 0.0991735537190068
8 -1 4 143 140 0.07438016528925849 144 140 0.016528925619835003 143 141 0.7438016528925616 144 141 0.16528925619834486
9 -2 4 143 139 0.16528925619834747 144 139 0.2892561983471129 143 140 0.1983471074380123 144 140 0.3471074380165273
9 -1 4 144 140 0.4958677685950411 145 140 0.04958677685950566 144 141 0.4132231404958654 145 141 0.04132231404958783
10 -2 4 144 139 0.41322314049586867 145 139 0.49586776859504494 144 140 0.041322314049584606 145 140 0.04958677685950178
11 -2 4 145 138 0.19834710743801875 146 138 0.1652892561983481 145 139 0.347107438016528 146 139 0.28925619834710514
11 -1 4 145 139 0.04132231404958783 146 139 0.4132231404958654 145 140 0.04958677685950566 146 140 0.4958677685950411
12 -2 4 146 138 0.5206611570247978 147 138 0.2975206611570223 146 139 0.11570247933884245 147 139 0.06611570247933743
12 -1 4 146 139 0.16528925619835133 147 139 0.7438016528925552 146 140 0.01652892561983565 147 140 0.07438016528925784
13 -2 4 147 137 0.19834710743801875 148 137 0.07438016528925462 147 138 0.528925619834715 148 138 0.19834710743801165
13 -1 4 147 138 0.09917355371901003 148 138 0.2644628099173497 147 139 0.17355371900827046 148 139 0.4628099173553698
14 -2 4 148 137 0.5950413223140505 149 137 0.13223140495867616 148 138 0.22314049586776966 149 138 0.049586776859503724
14 -1 4 148 138 0.2975206611570256 149 138 0.5206611570247874 148 139 0.06611570247934132 149 139 0.11570247933884567
15 -2 4 149 136 0.16528925619835133 150 136 0.01652892561983565 149 137 0.7438016528925552 150 137 0.07438016528925784
15 -1 4 149 137 0.12396694214876028 150 137 0.1487603305785131 149 138 0.330578512396693 150 138 0.3966942148760336
16 -1 4 150 137 0.3966942148760336 151 137 0.330578512396693 150 138 0.1487603305785131 151 138 0.12396694214876028
17 -2 4 150 135 0.008264462809917826 151 135 0.08264462809917567 150 136 0.08264462809917567 151 136 0.8264462809917308
17 -1 4 151 136 0.11570247933884245 152 136 0.06611570247933743 151 137 0.5206611570247978 152 137 0.2975206611570223
18 -2 4 151 135 0.09917355371900745 152 135 0.4462809917355393 151 136 0.08264462809917243 152 136 0.3719008264462808
18 -1 4 152 136 0.4628099173553743 153 136 0.17355371900826594 152 137 0.2644628099173523 153 137 0.09917355371900745
19 -1 4 153 135 0.07438016528925784 154 135 0.01652892561983565 153 136 0.7438016528925552 154 136 0.16528925619835133
20 -2 4 153 134 0.16528925619834486 154 134 0.28925619834710836 153 135 0.1983471074380149 154 135 0.3471074380165319
20 -1 4 154 135 0.4958677685950411 155 135 0.04958677685950566 154 136 0.4132231404958654 155 136 0.04132231404958783
21 -2 4 154 134 0.4132231404958654 155 134 0.4958677685950411 154 135 0.04132231404958783 155 135 0.04958677685950566
22 -2 4 155 133 0.1983471074380149 156 133 0.16528925619834486 155 134 0.3471074380165319 156 134 0.28925619834710836
22 -1 4 155 134 0.04132231404958783 156 134 0.4132231404958654 155 135 0.04958677685950566 156 135 0.4958677685950411
23 -2 4 156 133 0.5206611570247933 157 133 0.29752066115701975 156 134 0.11570247933884698 157 134 0.06611570247934001
23 -1 4 156 134 0.16528925619835133 157 134 0.7438016528925552 156 135 0.01652892561983565 157 135 0.07438016528925784
24 -2 4 157 132 0.19834710743801165 158 132 0.07438016528925462 157 133 0.528925619834715 158 133 0.19834710743801875
24 -1 4 157 133 0.09917355371900745 158 133 0.2644628099173523 157 134 0.17355371900826594 158 134 0.4628099173553743
25 -2 4 158 132 0.5950413223140395 159 132 0.13223140495868002 158 133 0.22314049586777351 159 133 0.04958677685950695
25 -1 4 158 133 0.29752066115701975 159 133 0.5206611570247933 158 134 0.06611570247934001 159 134 0.11570247933884698
26 -2 4 159 131 0.16528925619835133 160 131 0.01652892561983565 159 132 0.7438016528925552 160 132 0.07438016528925784
26 -1 4 159 132 0.1239669421487635 160 132 0.14876033057851698 159 133 0.3305785123966897 160 133 0.3966942148760298
27 -1 4 160 132 0.3966942148760298 161 132 0.3305785123966897 160 133 0.14876033057851698 161 133 0.1239669421487635
28 -2 4 160 130 0.008264462809917826 161 130 0.08264462809917567 160 131 0.08264462809917567 161 131 0.8264462809917308
28 -1 4 161 131 0.11570247933884698 162 131 0.06611570247934001 161 132 0.5206611570247933 162 132 0.29752066115701975
29 -2 4 161 130 0.09917355371901132 162 130 0.4462809917355354 161 131 0.08264462809917567 162 131 0.3719008264462776
29 -1 4 162 131 0.46280991735537885 163 131 0.17355371900826141 162 132 0.2644628099173549 163 132 0.09917355371900485
30 -1 4 163 130 0.07438016528925849 164 130 0.016528925619835003 163 131 0.7438016528925616 164 131 0.16528925619834486
31 -2 4 163 129 0.16528925619834486 164 129 0.28925619834710836 163 130 0.1983471074380149 164 130 0.3471074380165319
31 -1 4 164 130 0.4958677685950411 165 130 0.04958677685950566 164 131 0.4132231404958654 165 131 0.04132231404958783
32 -2 4 164 129 0.4132231404958654 165 129 0.4958677685950411 164 130 0.04132231404958783 165 130 0.04958677685950566
33 -2 4 165 128 0.1983471074380149 166 128 0.16528925619834486 165 129 0.3471074380165319 166 129 0.28925619834710836
33 -1 4 165 129 0.04132231404958783 166 129 0.4132231404958654 165 130 0.04958677685950566 166 130 0.4958677685950411
34 -2 4 166 128 0.5206611570247874 167 128 0.2975206611570256 166 129 0.11570247933884567 167 129 0.06611570247934132
34 -1 4 166 129 0.16528925619834486 167 129 0.7438016528925616 166 130 0.016528925619835003 167 130 0.07438016528925849
35 -2 4 167 127 0.19834710743801165 168 127 0.07438016528925462 167 128 0.528925619834715 168 128 0.19834710743801875
35 -1 4 167 128 0.09917355371900745 168 128 0.2644628099173523 167 129 0.17355371900826594 168 129 0.4628099173553743
36 -2 4 168 127 0.595041322314042 169 127 0.13223140495867744 168 128 0.22314049586777449 169 128 0.04958677685950598
36 -1 4 168 128 0.29752066115701975 169 128 0.5206611570247933 168 129 0.06611570247934001 169 129 0.11570247933884698
37 -2 4 169 126 0.16528925619835197 170 126 0.016528925619835003 169 127 0.7438016528925581 170 127 0.07438016528925494
37 -1 4 169 127 0.1239669421487635 170 127 0.14876033057851698 169 128 0.3305785123966897 170 128 0.3966942148760298
38 -1 4 170 127 0.3966942148760298 171 127 0.3305785123966897 170 128 0.14876033057851698 171 128 0.1239669421487635
39 -2 4 170 125 0.008264462809917501 171 125 0.08264462809917598 170 126 0.08264462809917243 171 126 0.8264462809917341
39 -1 4 171 126 0.11570247933884567 172 126 0.06611570247934132 171 127 0.5206611570247874 172 127 0.2975206611570256
40 -2 4 171 125 0.09917355371900938 172 125 0.44628099173553737 171 126 0.08264462809917406 172 126 0.3719008264462792
40 -1 4 172 126 0.4628099173553743 173 126 0.17355371900826594 172 127 0.2644628099173523 173 127 0.09917355371900745
41 -1 4 173 125 0.07438016528925784 174 125 0.01652892561983565 173 126 0.7438016528925552 174 126 0.16528925619835133
42 -2 4 173 124 0.1652892561983465 174 124 0.28925619834710675 173 125 0.1983471074380168 174 125 0.34710743801652993
42 -1 4 174 125 0.4958677685950411 175 125 0.04958677685950566 174 126 0.4132231404958654 175 126 0.04132231404958783
