fracture_grid_00004
2D
748
169 125 2 4 31 0.6129138047833913 3 31 0.38708619521660875
160 111 2 5 14 0.28661692551536266 4 14 0.7133830744846373
171 126 2 5 33 0.7011467588702787 4 33 0.2988532411297213
162 112 2 6 16 0.37484987960225014 5 16 0.6251501203977499
164 107 2 10 13 0.9814521478720273 9 13 0.01854785212797274
173 121 2 10 30 0.3077490271400553 9 30 0.6922509728599446
175 122 2 11 32 0.3959819812269428 10 32 0.6040180187730573
165 105 2 12 11 0.09516463873461822 12 12 0.9048353612653818
166 108 2 12 15 0.06968510195891474 11 15 0.9303148980410852
162 99 2 13 5 0.8782328151781775 13 6 0.12176718482182242
169 109 2 13 17 0.4003294163779609 13 18 0.5996705836220391
176 119 2 13 30 0.9224260175777302 13 31 0.07757398242226977
166 103 2 14 10 0.1833975928215057 14 11 0.8166024071784943
173 113 2 14 23 0.7054941940212895 14 24 0.2945058059787104
180 123 2 14 35 0.22759079522105835 14 36 0.7724092047789417
163 97 2 15 4 0.9664657692650651 15 5 0.033534230734934944
170 107 2 15 16 0.4885623704648338 15 17 0.5114376295351661
177 117 2 15 28 0.010658971664603174 15 29 0.9893410283353968
174 111 2 16 22 0.7937271481081625 16 23 0.20627285189183747
181 121 2 16 34 0.31582374930793855 16 35 0.6841762506920614
170 104 2 17 14 0.7645203243155866 16 14 0.2354796756844134
179 118 2 17 31 0.09081720358361464 16 31 0.9091827964163853
172 105 2 18 16 0.8527532784024668 17 16 0.14724672159753316
181 119 2 18 33 0.17905015767049487 17 33 0.8209498423295052
149 102 4 0 0 0.6394475093421546 1 0 0.3499770602229587 0 1 0.006834712680302565 1 1 0.0037407177545842416
150 103 4 0 1 0.22366318784984454 1 1 0.34205257612608636 0 2 0.17169999997774543 1 2 0.2625842360463236
150 104 4 0 2 0.715114391199698 1 2 0.01328745288421934 0 3 0.2666436823250466 1 3 0.004954473591036162
151 104 4 0 2 0.02051207491413436 1 2 0.12149488347262836 0 3 0.12393207871859642 1 3 0.7340609628946408
151 105 4 0 3 0.2226815675440039 1 3 0.0820114709507451 0 4 0.5081574717858741 1 4 0.18714948971937687
152 106 4 0 5 0.4228019575799103 1 5 0.45818227532567096 0 6 0.057118047555100686 1 6 0.061897719539318004
153 107 4 0 6 0.10471651684253139 1 6 0.3525589104738817 0 7 0.12428445409762039 1 7 0.41844011858596664
153 108 4 0 7 0.5055140444284697 1 7 0.11444746299593013 0 8 0.30988181220882927 1 8 0.07015668036677086
154 109 4 0 8 0.11078010152769371 1 8 0.08547260030753794 0 9 0.4536967209147389 1 9 0.3500505772500296
155 110 4 0 10 0.24223715543107815 1 10 0.5303067408149859 0 11 0.07132063281649462 1 11 0.15613547093744143
155 111 4 0 11 0.8416627179730717 1 11 0.09356725838096402 0 12 0.05828995597164832 1 12 0.006480067674315987
156 111 4 0 11 0.02185059544860987 1 11 0.32698449520827133 0 12 0.04078815860409638 1 12 0.6103767507390225
156 112 4 0 12 0.3319944472706324 1 12 0.17952672349423565 0 13 0.31703919247922846 1 13 0.17143963675590357
157 113 4 0 13 0.034959385124774776 1 13 0.05285298005092498 0 14 0.3631552204302189 1 14 0.5490324143940812
157 114 4 0 14 0.24661809692570827 1 14 0.003880348357992249 0 15 0.7378913943264327 1 15 0.01161016038986678
158 114 4 0 15 0.09775310289563119 1 15 0.5663504566909153 0 16 0.04944246846448876 1 16 0.28645397194896466
158 115 4 0 16 0.6065249896737316 1 16 0.2202646500208012 0 17 0.12706546738354282 1 17 0.0461448929219243
159 116 4 0 17 0.19455559972620529 1 17 0.20852523437915932 0 18 0.2881158231362094 1 18 0.3088033427584259
160 117 4 0 19 0.2269718070028108 1 19 0.7524002215133861 0 20 0.004780581664737431 1 20 0.01584738981906564
160 118 4 0 19 0.11622445437228035 1 19 0.02583365425190284 0 20 0.7019228199924223 1 20 0.1560190713833944
161 119 4 0 21 0.40746801098778024 1 21 0.3108812920472352 0 22 0.159760229182056 1 22 0.1218904677829285
162 120 4 0 22 0.09319750179515914 1 22 0.20144299565067356 0 23 0.22311170417980278 1 23 0.4822477983743645
162 121 4 0 23 0.4128305727882379 1 23 0.0444960047655811 0 24 0.4898735188838786 1 24 0.05279990356230244
163 121 4 0 24 0.056950372939242815 1 24 0.8139813189174222 0 25 0.008439798840859903 1 25 0.12062850930247504
163 122 4 0 24 0.02191156143223758 1 24 0.011706210532413728 0 25 0.6298734960450196 1 25 0.33650873199032905
164 123 4 0 26 0.24449178191521176 1 26 0.3654171844602573 0 27 0.1563742413671857 1 27 0.23371679225734518
164 124 4 0 27 0.7627528878643497 1 27 0.009842158619105626 0 28 0.22450802111519497 1 28 0.0028969324013496675
165 124 4 0 27 0.02792015347751861 1 27 0.15828000730878222 0 28 0.1220268356100051 1 28 0.6917730036036941
165 125 4 0 28 0.2568995487066782 1 28 0.09198669218760887 0 29 0.47944232607799997 1 29 0.17167143302771293
166 126 4 0 30 0.4491022586954211 1 30 0.4760751766097129 0 31 0.03632058189439734 1 31 0.03850198280046871
167 127 4 0 31 0.11759630245604775 1 31 0.38387232725990394 0 32 0.11690750393889694 1 32 0.38162386634515133
167 128 4 0 32 0.5452037326412783 1 32 0.11895097718265962 0 33 0.27569495945082084 1 33 0.060150330725241175
168 129 4 0 33 0.13704927423853488 1 33 0.10339662999624942 0 34 0.4329303836587051 1 34 0.3266237121065106
169 130 4 0 35 0.26058864809472865 1 35 0.5561484505508807 0 36 0.058471975607637 1 36 0.12479092574675367
169 131 4 0 36 0.8868241132360277 1 36 0.0925990655175607 0 37 0.018631396163492544 1 37 0.001945425082919121
170 131 4 0 36 0.02678157261028461 1 36 0.36624672044614925 0 37 0.04136001689721459 1 37 0.5656116900463516
170 132 4 0 37 0.3637353270315947 1 37 0.19197904613281871 0 38 0.2908011481730517 1 38 0.15348447866253487
171 133 4 0 38 0.05327974938377077 1 38 0.0787258181914889 0 39 0.3503376916260159 1 39 0.5176567407987246
150 102 4 1 0 0.32603823906682894 2 0 0.07699144480112977 1 1 0.4829300630636071 2 1 0.11404025306843421
151 103 4 1 2 0.5465092991974974 2 2 0.43281157908127915 1 3 0.011539968738079479 2 3 0.009139152983144057
152 104 4 1 3 0.17064526575431976 2 3 0.384966806935289 1 4 0.13648496798638998 2 4 0.3079029593240012
152 105 4 1 4 0.6418174427704633 2 4 0.07648071002713187 1 5 0.25170767666739385 2 5 0.029994170535011116
153 105 4 1 4 0.007414440867732345 2 4 0.1244888262327227 1 5 0.04879675867811094 2 5 0.819299974221434
153 106 4 1 5 0.18930490716390672 2 5 0.1052844400445346 1 6 0.4533011780790911 2 6 0.2521094747124676
154 107 4 1 7 0.3411126311620465 2 7 0.5297679104572126 1 8 0.05057441988608424 2 8 0.07854503849465663
154 108 4 1 7 0.032830906388980285 2 7 0.0007357153382650897 1 8 0.9452510303562978 2 8 0.021182347916456908
155 108 4 1 8 0.06294747847378726 2 8 0.38422425755630363 1 9 0.077820538379477 2 9 0.47500772559043214
155 109 4 1 9 0.44346597972602414 2 9 0.1663918364120535 1 10 0.2836969228243945 2 10 0.10644526103752773
156 110 4 1 10 0.0886523248743724 2 10 0.09749668567453705 1 11 0.38759154348118663 2 11 0.42625944596990395
157 111 4 1 12 0.1717967127399894 2 12 0.5906434922197378 1 13 0.05352812142069584 2 13 0.18403167361957692
157 112 4 1 13 0.7509432489482885 2 13 0.1741830361194251 1 14 0.06077647090955136 2 14 0.014097244022735149
158 113 4 1 14 0.28119526629496827 2 14 0.22022221318357746 1 15 0.2796054193680049 2 15 0.2189771011534492
159 114 4 1 15 0.024080492198245828 2 15 0.053628181691160785 1 16 0.28580115926986044 2 16 0.636490166840733
159 115 4 1 16 0.215460177665465 2 16 0.024934576331913358 1 17 0.6808163594997958 2 17 0.0787888865028259
160 115 4 1 17 0.038561543931340085 2 17 0.6154383243688842 1 18 0.020401073341906932 2 18 0.3255990583578687
160 116 4 1 18 0.5270544043757369 2 18 0.28963154403247365 1 19 0.11830309859466452 2 19 0.06501095299712482
161 117 4 1 19 0.15500530247732477 2 19 0.23797184034171762 1 20 0.23943316629820247 2 20 0.3675896908827551
161 118 4 1 20 0.5450130229006197 2 20 0.010650200026409597 1 21 0.43582033157206207 2 21 0.008516445500908666
162 118 4 1 21 0.13910884371616883 2 21 0.8301594935137059 1 22 0.0044105908644919214 2 22 0.02632107190563335
162 119 4 1 21 0.09631541883881997 2 21 0.03563899849904102 1 22 0.6335989014389953 2 22 0.23444668122314372
163 120 4 1 23 0.3392463094165511 2 23 0.3689993023321277 1 24 0.13974897666639716 2 24 0.15200541158492403
164 121 4 1 24 0.06489608827306888 2 24 0.21964071788644166 1 25 0.1631801636150201 2 25 0.5522830302254693
164 122 4 1 25 0.36425013293244407 2 25 0.0829727533350527 1 26 0.45022100465279946 2 26 0.1025561090797038
165 123 4 1 26 0.013251409625555035 2 26 0.010262671052759546 1 27 0.5503006937648147 2 27 0.42618522555687066
166 124 4 1 28 0.1875189640707817 2 28 0.4122863110183797 1 29 0.1251141051247283 2 29 0.2750806197861103
166 125 4 1 29 0.685501043686228 2 29 0.07699031151091978 1 30 0.21352691120643658 2 30 0.02398173359641573
167 125 4 1 29 0.010867623682212326 2 29 0.16522884581778083 1 30 0.050846411318431164 2 30 0.7730571191815756
167 126 4 1 30 0.21956799257767332 2 30 0.11921455703030613 1 31 0.42854092812011746 2 31 0.2326765222719031
168 127 4 1 32 0.3634580365286382 2 32 0.5516157074901591 1 33 0.033731849974292794 2 33 0.051194406006909984
168 128 4 1 32 0.07648337890007534 2 32 0.0012764452267226792 1 33 0.90710139330001 2 33 0.015138782573191848
169 128 4 1 33 0.07187236833840357 2 33 0.4194925700912399 1 34 0.0743984839696609 2 34 0.4342365776006956
169 129 4 1 34 0.4792007721899333 2 34 0.17485024634769697 1 35 0.2534649658152784 2 35 0.09248401564709129
170 130 4 1 35 0.1109666018362986 2 35 0.11937561111215621 1 36 0.3707801019740461 2 36 0.3988776850774991
171 131 4 1 37 0.1861933096547445 2 37 0.62044009770455 1 38 0.04463435996074095 2 38 0.14873223267996466
171 132 4 1 38 0.7921497484623365 2 38 0.17716973900493677 1 39 0.025072806850296087 2 39 0.005607705682430515
151 101 4 2 0 0.2519399538846937 3 0 0.40200876417812487 2 1 0.13331954265658139 3 1 0.21273173928060016
151 102 4 2 1 0.7934867803310519 3 1 0.023148017839752785 2 2 0.17816760190737035 3 2 0.005197599921824917
152 102 4 2 1 0.030930536292305136 3 1 0.1993093761813451 2 2 0.10340992605409614 3 2 0.6663501614722536
152 103 4 2 2 0.28319565201867497 3 2 0.10973034056294703 2 3 0.4375396960248809 3 3 0.16953431139349714
153 104 4 2 4 0.45535404611160407 3 4 0.5138631408808648 2 5 0.014462267737092005 3 5 0.0163205452704392
154 105 4 2 5 0.11941030071754233 3 5 0.4260980806857587 2 6 0.09948697893627993 3 6 0.355004639660419
154 106 4 2 6 0.5703034513999936 3 6 0.13789101011129376 2 7 0.23498871395098317 3 7 0.056816824537729425
155 107 4 2 7 0.15771120384253903 3 7 0.12677445207956559 2 8 0.3966619273135785 3 8 0.31885241676431686
156 108 4 2 9 0.2612062618029309 3 9 0.5995705885300061 2 10 0.04224783515831966 3 10 0.09697531450874344
156 109 4 2 9 0.02087846478304041 3 9 0.0025844656578827645 2 10 0.8689705178753646 3 10 0.10756655168371218
157 109 4 2 10 0.02296139716379464 3 10 0.414106647579974 2 11 0.02957366560258941 3 11 0.5333582896536418
157 110 4 2 11 0.38320087208232684 3 11 0.2165532527694287 2 12 0.25572907638121173 3 12 0.14451679876703274
158 111 4 2 12 0.06830750527978972 3 12 0.10773781398278298 2 13 0.3197034089888745 3 13 0.5042512717485528
158 112 4 2 13 0.33006184017721074 3 13 0.008669559193348216 2 14 0.644343959788608 3 14 0.016924640840833012
159 112 4 2 14 0.10313922710766103 3 14 0.6491972865657586 2 15 0.03395265296614402 3 15 0.21371083336043642
159 113 4 2 15 0.6620067369822744 3 15 0.253015856799146 2 16 0.06148002878868523 3 16 0.023497377429894436
160 114 4 2 16 0.23217904237806936 3 16 0.2591347458141827 2 17 0.24038868919802317 3 17 0.2682975226097248
161 115 4 2 17 0.014984556330450887 3 17 0.052620426272618995 2 18 0.20666414105077513 3 18 0.725730876346155
161 116 4 2 18 0.18608521546396983 3 18 0.04420584724708631 2 19 0.6219583676144107 3 19 0.14775056967453315
162 117 4 2 20 0.4493667761364728 3 20 0.35721548098541567 2 21 0.107757772747034 3 21 0.08565997013107754
163 118 4 2 21 0.11723796228719534 3 21 0.2656354892455249 2 22 0.18896755240145166 3 22 0.42815899606582813
163 119 4 2 22 0.48696665637678543 3 22 0.05859287526392158 2 23 0.40563374400901603 3 23 0.0488067243502769
164 119 4 2 23 0.053028837488289085 3 23 0.9061358084552634 2 24 0.0022576430054987015 3 24 0.038577711050948774
164 120 4 2 23 0.07818934036409945 3 23 0.043661385687424815 2 24 0.5634920258268357 3 24 0.31465724812164014
165 121 4 2 25 0.27280756490408387 3 25 0.42533435555827265 2 26 0.11795476709198412 3 26 0.1839033124456593
165 122 4 2 26 0.8411642939497359 3 26 0.019663706620606874 2 27 0.13599292374348654 3 27 0.0031790756861706203
166 122 4 2 26 0.03837763180972665 3 26 0.23605548306347623 2 27 0.10146566599148213 3 27 0.624101219135315
166 123 4 2 27 0.31745265013540247 3 27 0.11966654484578663 2 28 0.40878553336295353 3 28 0.15409527165585735
167 124 4 2 28 0.006374214877637256 3 28 0.007036174514369652 2 29 0.4689449344258517 3 29 0.5176446761821414
168 125 4 2 30 0.1323291032850984 3 30 0.4573724805177408 2 31 0.09207101182353136 3 31 0.3182274043736294
168 126 4 2 31 0.6100321565668344 3 31 0.14235550734399105 2 32 0.20076284423894258 3 32 0.046849491850231934
169 127 4 2 32 0.18401939350740837 3 32 0.14465946481424885 2 33 0.3758565731035022 3 33 0.2954645685748406
170 128 4 2 34 0.27959677142061506 3 34 0.6253732813118744 2 35 0.029360160995428403 3 35 0.06566978627208205
170 129 4 2 34 0.06057604154522156 3 34 0.007080091295246992 2 35 0.8347757765679764 3 35 0.09756809059155502
171 129 4 2 35 0.027931391279504707 3 35 0.4533298558638239 2 36 0.030106506941679545 3 36 0.4886322459149918
171 130 4 2 36 0.41498076879733403 3 36 0.22896655845398134 2 37 0.22945201512099747 3 37 0.12660065762768713
172 131 4 2 37 0.08666688649282271 3 37 0.13357163516931717 2 38 0.30684686323064897 3 38 0.4729146151072111
172 132 4 2 38 0.37523112398954117 3 38 0.0076934777805777515 2 39 0.6046775114310778 3 39 0.012397886798803274
152 101 4 3 0 0.03701582363047082 4 0 0.030538008735193137 3 1 0.5109297530187838 4 1 0.4215164146155522
153 102 4 3 2 0.1912390621798796 4 2 0.45260596459663116 3 3 0.10578748027450799 4 3 0.2503674929489812
153 103 4 3 3 0.7125068622925336 4 3 0.09402424459194894 3 4 0.1709145658590085 4 4 0.02255432725650898
154 103 4 3 3 0.010149932636614485 4 3 0.20998628855071352 3 4 0.0359575756229066 4 4 0.7439062031897654
154 104 4 3 4 0.24213602202929002 4 4 0.14068627926602423 3 5 0.3903663719273856 4 5 0.22681132677730015
155 105 4 3 6 0.3659817500844444 4 6 0.5931317456217022 3 7 0.015601609677364197 4 7 0.025284894616489213
155 106 4 3 6 0.11789933969421026 4 6 0.0039002361199225806 3 7 0.8500789057647529 4 7 0.02812151842111435
156 106 4 3 7 0.06995829273951654 4 7 0.46544639737746235 3 8 0.060706032827432775 4 8 0.40388927705558836
156 107 4 3 8 0.5005724170882538 4 8 0.19751835313669677 3 9 0.21648679417585 4 9 0.08542243559919938
157 108 4 3 9 0.12790045757992669 4 9 0.14648150705585572 3 10 0.33823971948930287 4 10 0.3873783158749148
158 109 4 3 11 0.18308284950255724 4 11 0.6675903095440574 3 12 0.03213829337180583 4 12 0.11718854758157947
158 110 4 3 11 0.010708980235848351 4 11 0.0026502589187526234 3 12 0.7909070483356692 4 12 0.1957337125097298
159 111 4 3 13 0.3247187214973733 4 13 0.26493171206806004 3 14 0.2259782728792778 4 14 0.18437129355528892
160 112 4 3 14 0.04974564274397476 4 14 0.11619598523230479 3 15 0.25003231743781656 4 15 0.5840260545859038
160 113 4 3 15 0.2912209513077093 4 15 0.03740675677655653 3 16 0.5949518945712365 4 16 0.07642039734449764
161 113 4 3 16 0.03626469853407821 4 16 0.7059681238530336 3 17 0.012594227452846605 4 17 0.24517295016004156
161 114 4 3 17 0.5748531820749782 4 17 0.3300657204201199 3 18 0.060400629609093814 4 18 0.03468046789580804
162 115 4 3 18 0.18494577551989377 4 18 0.2962643213860216 3 19 0.19938900196931122 4 19 0.3194009011247734
162 116 4 3 19 0.6250491190396898 4 19 0.018847057974212378 3 20 0.34568054414666977 4 20 0.010423278839428085
163 116 4 3 19 0.0076715775214086035 4 19 0.04982971379533908 3 20 0.1257441657729372 4 20 0.8167545429103151
163 117 4 3 20 0.15849321032122124 4 20 0.061694161103512696 3 21 0.5613174186702717 4 21 0.21849520990499421
164 118 4 3 22 0.37346210495597393 4 22 0.4230164608795923 3 23 0.09542948984065934 4 23 0.1080919443237744
165 119 4 3 23 0.08125357915581406 4 23 0.2915161810905839 3 24 0.13671898144595274 4 24 0.49051125830764924
165 120 4 3 24 0.43070324691168776 4 24 0.10475259344268258 3 25 0.37366419938723355 4 25 0.09087996025839613
166 121 4 3 25 0.06184621894814574 4 25 0.04990081581707086 3 26 0.4916021931559091 4 26 0.3966507720788743
167 122 4 3 27 0.20815177745036925 4 27 0.4798864517256797 3 28 0.09437760045881853 4 28 0.21758417036513258
167 123 4 3 28 0.7562294801623252 4 28 0.09449482912171003 3 29 0.13269478344401714 4 29 0.01658090727194769
168 123 4 3 28 0.013642132405129256 4 28 0.25068729118175137 3 29 0.03796821130919929 4 29 0.6977023651039199
168 124 4 3 29 0.2724381243970912 4 29 0.15457737929776122 3 30 0.36556710501438455 4 30 0.20741739129076298
169 126 4 3 31 0.161590829159323 4 31 0.00440194905434798 3 32 0.8118902517544403 4 32 0.02211697003188875
170 126 4 3 32 0.07892219955815484 4 32 0.5006756929583622 3 33 0.05724496146358018 4 33 0.36315714601990284
170 127 4 3 33 0.5363462265061893 4 33 0.20593774611831403 3 34 0.18621582021270028 4 34 0.07150020716279644
171 128 4 3 34 0.15025375149589482 4 34 0.16832141553944746 3 35 0.3213892610281349 4 35 0.3600355719365228
172 129 4 3 36 0.1975184633713491 4 36 0.6973478980748254 3 37 0.023205514957821402 4 37 0.08192812359600399
172 130 4 3 36 0.04645166124913538 4 36 0.011100780305025504 3 37 0.7606672027771825 4 37 0.18178035566865672
173 131 4 3 38 0.3525437224634735 4 38 0.2812999135015124 3 39 0.20365610736797773 4 39 0.16250025666703632
152 100 4 4 0 0.8700762124036437 5 0 0.03479153985403397 4 1 0.09147447854845639 5 1 0.0036577691938659285
153 100 4 4 0 0.039566040611730954 5 0 0.2789068259488067 4 1 0.08467073044835541 5 1 0.596856402991107
153 101 4 4 1 0.341926779434622 5 1 0.13923216723390186 4 2 0.36870487732261875 5 2 0.15013617600885723
154 102 4 4 2 0.02641055502216882 5 2 0.031039586057187454 4 3 0.43330206754019773 5 3 0.509247791380446
155 103 4 4 4 0.13232112753380978 5 4 0.5014202079563643 4 5 0.07647246083369758 5 5 0.28978620367612834
155 104 4 4 5 0.6333099013127634 5 5 0.16311751428539695 4 6 0.1618785727518985 5 6 0.0416940116499412
156 105 4 4 6 0.20285934909864284 5 6 0.16985926091034925 4 7 0.34141009077115253 5 7 0.2858712992198554
157 106 4 4 8 0.27839241111603985 5 8 0.6706173933037846 4 9 0.014957994558888452 5 9 0.03603220102128716
157 107 4 4 8 0.09826392847896853 5 8 0.013431956048827604 4 9 0.7814813628931144 5 9 0.10682275257908955
158 107 4 4 9 0.022289241820230513 5 9 0.5030117570104117 4 10 0.020142129659831334 5 10 0.4545568715095265
158 108 4 4 10 0.43262433983525883 5 10 0.2553627391033696 4 11 0.19620191734195028 5 11 0.1158110037194213
159 109 4 4 11 0.09987266837607021 5 11 0.16440560497340453 4 12 0.27803455460627907 5 12 0.4576871720442462
159 110 4 4 12 0.4117226263700106 5 12 0.015241727087450354 4 13 0.5525794823094932 5 13 0.020456164233045814
160 110 4 4 13 0.10674239426094595 5 13 0.7338270734993612 4 14 0.02024579452654416 5 14 0.13918473771314882
161 112 4 4 15 0.2680195279711787 5 15 0.31152721430794694 4 16 0.1944445123185916 5 16 0.22600874540228277
162 113 4 4 16 0.03296673726689426 5 16 0.1228711994230631 4 17 0.17857826882800953 5 17 0.6655837944820331
162 114 4 4 17 0.2541630194969206 5 17 0.06436099730102303 4 18 0.5437768722951305 5 18 0.1376991109069259
163 115 4 4 19 0.48948258422642904 5 19 0.40533262698233236 4 20 0.05753827337076283 5 20 0.04764651542047576
164 116 4 4 20 0.1394954657204802 5 20 0.331610939899113 4 21 0.15660635768185185 5 21 0.37228723669855496
164 117 4 4 21 0.5593197829065681 5 21 0.07447270282101194 4 22 0.3231769261929112 5 22 0.04303058807950875
165 117 4 4 21 0.0021415557711141346 5 21 0.045256044259311345 4 22 0.04304123343634419 5 22 0.9095611665332304
165 118 4 4 22 0.1326841622372225 5 22 0.07739951790118926 4 23 0.49889351266739046 5 23 0.2910228071941979
166 119 4 4 24 0.2993403908342178 5 24 0.4870344837150263 4 25 0.08131824987553522 5 25 0.13230687557522072
166 120 4 4 25 0.9177927429763807 5 25 0.031268211680849534 4 26 0.049260783430526776 5 26 0.0016782619122428992
167 120 4 4 25 0.04705215308317832 5 25 0.3156139158768975 4 26 0.08268745343170099 5 26 0.5546464776082233
167 121 4 4 26 0.3762227945053577 5 26 0.14912935456270487 4 27 0.33991169770667606 5 27 0.13473615322526125
168 122 4 4 27 0.04728605459093079 5 27 0.0543572888879636 4 28 0.41792940342624324 5 28 0.4804272530948624
169 123 4 4 29 0.14527894705539218 5 29 0.5326555908343346 4 30 0.06901747676690813 5 30 0.2530479853433652
169 124 4 4 30 0.6730776234336305 5 30 0.1675429945640679 4 31 0.12761368608582427 5 31 0.0317656959164773
170 125 4 4 31 0.22920655571753562 5 31 0.1877052566909946 4 32 0.32056571960705277 5 32 0.26252246798441703
171 127 4 4 33 0.13800052219521322 5 33 0.017888564732164595 4 34 0.7472476046316626 5 34 0.09686330844095963
172 127 4 4 34 0.027298252889973524 5 34 0.5421959483402503 4 35 0.020635954044888532 5 35 0.4098698447248876
172 128 4 4 35 0.4644432535043077 5 35 0.2677370278338807 4 36 0.16988583912770897 5 36 0.09793387953410271
173 129 4 4 36 0.11827106654312557 5 36 0.19020040920589454 4 37 0.26513899189402396 5 37 0.42638953235695587
173 130 4 4 37 0.45693092713635586 5 37 0.014226628720650496 4 38 0.5128740169979409 5 38 0.01596842714505273
174 130 4 4 38 0.11722311238081608 5 38 0.7675395577790364 4 39 0.01526791186146696 5 39 0.09996941797868064
174 131 4 4 38 0.03411023801177912 5 38 0.013338512256052296 4 39 0.6847756719276584 5 39 0.2677755778045101
154 100 4 5 1 0.21004990154668246 6 1 0.5220280793167013 5 2 0.0768729496213829 6 2 0.19104906951523332
154 101 4 5 2 0.7814133247558505 6 2 0.11335073621551954 5 3 0.09190441210936941 6 3 0.01333152691926058
155 101 4 5 2 0.01110246734675138 6 2 0.29726670792746407 5 3 0.024901349626454766 6 3 0.6667294750993297
155 102 4 5 3 0.2931841798359344 6 3 0.17787107554626738 5 4 0.329214522834419 6 4 0.19973022178337918
156 103 4 5 4 0.017588243472602506 6 4 0.02975820632041704 5 5 0.35389142500289117 6 5 0.5987621252040893
156 104 4 5 5 0.20118481594067933 6 5 0.008847713960326483 5 6 0.7566897382319687 6 6 0.03327773186702539
157 104 4 5 6 0.07518614994649245 6 6 0.5484514942573594 5 7 0.045374484334134685 6 7 0.33098787146201347
157 105 4 5 7 0.5558958973917357 6 7 0.2304278269201025 5 8 0.15105962258603875 6 8 0.06261665310212312
158 106 4 5 8 0.16536563322674094 6 8 0.19724928549592893 5 9 0.29067085255616637 6 9 0.3467142287211637
159 107 4 5 10 0.19258602920638354 6 10 0.7463200839271187 5 11 0.012531422381664553 6 11 0.04856246448483326
159 108 4 5 10 0.08041147432249975 6 10 0.0211807189189887 5 11 0.7111008629626956 6 11 0.18730694379581592
160 109 4 5 12 0.36645921964103484 6 12 0.31142416801128586 5 13 0.17413408344930129 6 13 0.14798252889837796
161 110 4 5 13 0.07362783623095512 6 13 0.1805467458321974 5 14 0.21604643266451398 6 14 0.5297789852723336
161 111 4 5 14 0.36519876789118777 6 14 0.05166189427995098 5 15 0.5108703867014285 6 15 0.07226895112743266
162 111 4 5 15 0.032184896078061444 6 15 0.7982808803959234 5 16 0.006570338622533912 6 16 0.16296388490348124
163 113 4 5 17 0.21310329150372456 6 17 0.35633975948907887 5 18 0.16112779469916555 6 18 0.26942915430803105
163 114 4 5 18 0.7033022581200259 6 18 0.02882687298076374 5 19 0.25732371378001134 6 19 0.01054715511919892
164 114 4 5 18 0.017970788848563134 6 18 0.127763456555072 5 19 0.10534126315946046 6 19 0.7489244914369043
164 115 4 5 19 0.21888804474487678 6 19 0.08953228076673014 5 20 0.49081889296030135 6 20 0.20076078152809174
165 116 4 5 21 0.4058949434366367 6 21 0.47881657648580256 5 22 0.05289296007367438 6 22 0.06239552000388641
166 117 4 5 22 0.09582811297981096 6 22 0.36517460135347457 5 23 0.11204075633563362 6 23 0.42695652933108086
166 118 4 5 23 0.49537340383220596 6 23 0.12831539060906633 5 24 0.2988903511803931 6 24 0.07742085437833457
167 119 4 5 24 0.10865807121197188 6 24 0.09132191764011767 5 25 0.43468664960576076 6 25 0.36533336154214974
168 120 4 5 26 0.22700163377120422 6 26 0.5492695494917176 5 27 0.06542405285166134 6 27 0.1583047638854168
168 121 4 5 27 0.8251749595796614 6 27 0.1137823037912468 5 28 0.053645612740358777 6 28 0.0073971238887330995
169 121 4 5 27 0.014633684069293435 6 27 0.33792869360446015 5 28 0.02687296835870565 6 28 0.6205646539675407
169 122 4 5 28 0.32352529915776806 6 28 0.19172315862397235 5 29 0.3043762389673855 6 29 0.18037530325087406
170 123 4 5 29 0.03450884729246341 6 29 0.057030804900108784 5 30 0.34247365663782314 6 30 0.5659866911696046
170 124 4 5 30 0.24491532235982078 6 30 0.009310409940723135 5 31 0.7184620672676131 6 31 0.027312200431843056
171 124 4 5 31 0.08418907371916826 6 31 0.5836417728842362 5 32 0.04187439601625182 6 32 0.29029475738034366
171 125 4 5 32 0.5917087237637135 6 32 0.23880820294767724 5 33 0.12074963166886103 6 33 0.04873344161974819
172 126 4 5 33 0.18775794409674437 6 33 0.21905017702549265 5 34 0.2737813771409632 6 34 0.3194105017367999
173 127 4 5 35 0.20706066002919973 6 35 0.7760386555038552 5 36 0.003559627013648599 6 36 0.013341057453296567
173 128 4 5 35 0.11619317228980716 6 35 0.029592223351226656 5 36 0.6808220004501885 6 36 0.1733926039087778
174 129 4 5 37 0.3943232375611583 6 37 0.3277533524907079 5 38 0.1517729009839708 6 38 0.12615050896416305
175 130 4 5 38 0.08807133864910444 6 38 0.21029644581359347 5 39 0.20710576570116485 6 39 0.4945264498361372
154 99 4 6 0 0.39887494979179366 7 0 0.17051695096360378 6 1 0.3016530156791177 7 1 0.12895508356548482
155 100 4 6 1 0.06550042072267565 7 1 0.08018267444355359 6 2 0.38410851055337597 7 2 0.4702083942803948
156 101 4 6 3 0.14344899729133337 7 3 0.5785252922857281 6 4 0.05524089978985904 7 4 0.2227848106330794
156 102 4 6 4 0.6945333941667914 7 4 0.19012697551825639 6 5 0.09055138861154823 7 5 0.02478824170340395
157 103 4 6 5 0.24622453729599056 7 5 0.2147270267998745 6 6 0.2879412112874826 7 6 0.25110722461665236
158 104 4 6 6 0.010548888981790336 7 6 0.02669386952490701 6 7 0.2726978254068158 7 7 0.6900594160864868
158 105 4 6 7 0.17386643511615982 7 7 0.026062403498523797 6 8 0.6957751649695936 7 8 0.10429599641572282
159 105 4 6 8 0.01983412941791929 7 8 0.5936998234996249 6 9 0.01249355077582036 7 9 0.3739724963066354
159 106 4 6 9 0.48026485052947077 7 9 0.2959551824960597 6 10 0.13845771536142334 7 10 0.0853222516130462
160 107 4 6 10 0.12965487441359266 7 10 0.22285635302275497 6 11 0.2381486572824417 7 11 0.4093401152812106
160 108 4 6 11 0.49160045550403236 7 11 0.023596852040302246 6 12 0.46259796188914937 7 12 0.02220473056651612
161 108 4 6 12 0.10856260435546865 7 12 0.8202398174917114 6 13 0.008321893145691978 7 13 0.06287568500712803
161 109 4 6 12 0.06434197722476716 7 12 0.027146524730399083 6 13 0.638937405973548 7 13 0.2695740920712858
162 110 4 6 14 0.30207705650553973 7 14 0.3657026398604588 6 15 0.1502832924979084 7 15 0.18193701113609306
163 111 4 6 15 0.04916596114458641 7 15 0.1949049296322439 6 16 0.15227535366399522 7 16 0.6036537555591744
163 112 4 6 16 0.32045786647111624 7 16 0.08629910441370035 6 17 0.4673783340346198 7 17 0.1258646950805635
164 113 4 6 18 0.5278154352576463 7 18 0.4552327300380025 6 19 0.009101731053230575 7 19 0.007850103651120526
165 114 4 6 19 0.15997001209501452 7 19 0.3993693476114667 6 20 0.1260281200209881 7 20 0.31463252027253075
165 115 4 6 20 0.6298899523776027 7 20 0.0921354874368503 6 21 0.24250306543555447 7 21 0.03547149474999259
166 115 4 6 20 0.004757797488980668 7 20 0.13087275662834683 6 21 0.030321300432162714 7 21 0.8340481454505098
166 116 4 6 21 0.18539602705159938 7 21 0.11292060717369985 6 22 0.4360779565666985 7 22 0.26560540920800224
167 117 4 6 23 0.324090259705592 7 23 0.5505175689305395 6 24 0.04646468971783154 7 24 0.07892748164603691
167 118 4 6 23 0.03568839982368542 7 23 0.0016055089204323858 6 24 0.9212614352968928 7 24 0.04144465595898952
168 118 4 6 24 0.05394371729788899 7 24 0.3969553057490743 6 25 0.06569219793067538 7 25 0.4834087790223613
168 119 4 6 25 0.433209981816569 7 25 0.18037512133836656 6 26 0.2728208191091499 7 26 0.11359407773591454
169 120 4 6 26 0.08641493724546932 7 26 0.10346136032029803 6 27 0.36869682948538257 7 27 0.44142687294885014
170 121 4 6 28 0.15644583376693896 7 28 0.6097216582096608 6 29 0.047746898769039134 7 29 0.1860856092543612
170 122 4 6 29 0.7343401332416902 7 29 0.1945134388428958 6 30 0.05624748499144247 7 30 0.014898942923971602
171 123 4 6 30 0.2726107608689266 7 30 0.23253400562649165 6 31 0.2670578231693468 7 31 0.22779741033523498
172 124 4 6 31 0.02351459705274492 7 31 0.057921363853505076 6 32 0.2652349527906614 7 32 0.6533290863030886
172 125 4 6 32 0.21364204578642615 7 32 0.030479995227824633 6 33 0.6615023897541347 7 33 0.0943755692316145
173 125 4 6 33 0.02488215744169304 7 33 0.6328449978754038 6 34 0.01294835820684682 7 34 0.32932448647605633
173 126 4 6 34 0.5121227811525421 7 34 0.3082904542725409 6 35 0.11210262019315223 7 35 0.06748414438176467
174 127 4 6 35 0.14809228953468023 7 35 0.24861214030122009 6 36 0.2252140776161471 7 36 0.37808149254795254
174 128 4 6 36 0.5368477732244129 7 36 0.022542736719466917 6 37 0.42285347962356884 7 37 0.017756010432551247
175 128 4 6 37 0.11908233942937695 7 37 0.8539132848173484 6 38 0.003304993526583898 7 38 0.023699382226690734
175 129 4 6 37 0.09616877944316858 7 37 0.03951292491154306 6 38 0.6126134392099468 7 38 0.2517048564353416
155 98 4 7 0 0.22707778385475327 8 0 0.5932331510955179 7 1 0.04974137602700443 8 1 0.12994768902272436
155 99 4 7 1 0.8485368301604066 8 1 0.13446018489783645 7 2 0.01467721541849117 8 2 0.002325769523265867
156 99 4 7 1 0.010272044998140878 8 1 0.3863300843629476 7 2 0.015628080688750334 8 2 0.5877697899501613
156 100 4 7 2 0.34244938058382585 8 2 0.2168388288852493 7 3 0.2698456308002125 8 3 0.1708661597307122
157 101 4 7 3 0.04899513956382773 8 3 0.0865842643160793 7 4 0.31238083762535096 8 4 0.5520397584947421
157 102 4 7 4 0.28268733512841104 8 4 0.015578148859482202 7 5 0.6650835277579075 8 5 0.03665098825419913
158 102 4 7 5 0.07863105009472195 8 5 0.6332395481960175 7 6 0.03182589289958299 8 6 0.25630350880967767
158 103 4 7 6 0.6094364206364641 8 6 0.265120257762247 7 7 0.08741540805498814 8 7 0.03802791354630079
159 104 4 7 7 0.20104785181481344 8 7 0.24980002099474394 7 8 0.24488494268178626 8 8 0.3042671845086565
160 105 4 7 8 0.005292491549729696 8 8 0.021846575670659975 7 9 0.18972126875200346 8 9 0.7831396640276067
160 106 4 7 9 0.14833101135040425 8 9 0.0414941359779717 7 10 0.6330776346484762 8 10 0.17709721802314785
161 107 4 7 11 0.40641676072593613 8 11 0.35969958101325755 7 12 0.12407285107807778 8 12 0.1098108071827285
162 108 4 7 12 0.09572707265918745 8 12 0.246680463490838 7 13 0.18384350494995944 8 13 0.4737489589000152
162 109 4 7 13 0.43739362741592114 8 13 0.06769998884209114 7 14 0.42857183589037295 8 14 0.06633454785161472
163 109 4 7 14 0.026322136563315397 8 14 0.8923765939975424 7 15 0.0023294068509722835 8 15 0.07897186258816993
163 110 4 7 14 0.05005543718579168 8 14 0.0313293734830669 7 15 0.5649909919256432 8 15 0.35362419740549816
164 111 4 7 16 0.2394778504288028 8 16 0.4181981546508736 7 17 0.12464954448777234 8 17 0.2176744504325513
164 112 4 7 17 0.7797724401416058 8 17 0.040589645046056735 7 18 0.1707498404721165 8 18 0.00888807434022087
165 112 4 7 17 0.026487043116969415 8 17 0.2074801563735387 7 18 0.08672131760473924 8 18 0.6793114829047526
165 113 4 7 18 0.27749992210979285 8 18 0.11915335748870157 7 19 0.4221033243090631 8 19 0.18124339609244253
166 114 4 7 20 0.43654482485857155 8 20 0.5363996491507697 7 21 0.012139387365424584 8 21 0.01491613862523419
167 115 4 7 21 0.10861968974506366 8 21 0.44061597867510993 7 22 0.08914548828406602 8 22 0.3616188432957605
167 116 4 7 22 0.5582606036939529 8 22 0.1536611448341924 7 23 0.22589946003232403 8 23 0.06217879143953071
168 117 4 7 23 0.15368696641705776 8 23 0.13452597652191928 7 24 0.37955406311435264 8 24 0.33223299394667033
169 118 4 7 25 0.2440685330333016 8 25 0.6204356043165078 7 26 0.038253462303249025 8 26 0.09724240034694162
169 119 4 7 25 0.023620600904551578 8 25 0.0035696165532294985 7 26 0.8450962801291463 8 26 0.12771350241307264
170 119 4 7 26 0.01384227867471473 8 26 0.42695305308591186 7 27 0.01756068246696942 8 27 0.541643985772404
170 120 4 7 27 0.3728295168596829 8 27 0.2306518950089304 7 28 0.24496832997914117 8 28 0.15155025815224543
171 121 4 7 28 0.06595476033772035 8 28 0.11381784594173933 7 29 0.30092405230625124 8 29 0.5193033414142891
171 122 4 7 29 0.32645685850160194 8 29 0.016001827885843967 7 30 0.6268168398395169 8 30 0.03072447377303716
172 122 4 7 30 0.08767299082144013 8 30 0.6683908098688518 7 31 0.028286787627672266 8 31 0.21564941168203572
172 123 4 7 31 0.6452882639624806 8 31 0.27346161683578313 7 32 0.05706640018377905 8 32 0.024183719017957232
173 124 4 7 32 0.2234791796388393 8 32 0.27156189557027066 7 33 0.2279564503125533 8 33 0.2770024744783367
174 125 4 7 33 0.01430330387177802 8 33 0.057028965748164295 7 34 0.18621329188475536 8 34 0.7424544384953023
174 126 4 7 34 0.18415172627174412 8 34 0.04986662345617721 7 35 0.6027597551819365 8 35 0.16322189509014215
175 127 4 7 36 0.43431979560009487 8 36 0.37598974853865147 7 37 0.10167265165871203 8 37 0.0880178042025416
176 128 4 7 37 0.11020959203137162 8 37 0.27639114651819924 7 38 0.1748638210325827 8 38 0.4385354404178464
176 129 4 7 38 0.47868604938739956 8 38 0.07060076927015815 7 39 0.3927822493737021 8 39 0.05793093196874022
156 98 4 8 0 0.10280732936444383 9 0 0.1311087198886729 8 1 0.33669791062530013 9 1 0.4293860401215832
157 99 4 8 2 0.15279390999010128 9 2 0.6574133336738333 8 3 0.035792295804768906 9 3 0.15400046053129662
157 100 4 8 3 0.7539739299620669 9 3 0.21891939380985379 8 4 0.02100716152995777 9 4 0.00609951469812147
158 101 4 8 4 0.2878067684346022 9 4 0.26137774974815087 8 5 0.23625528886255606 9 5 0.21456019295469084
159 102 4 8 5 0.03427281546372996 9 5 0.0912028971298694 8 6 0.23887020763856126 9 6 0.6356540797678394
159 103 4 8 6 0.2476859846946078 9 6 0.0404758080069633 8 7 0.6118519241048378 9 7 0.09998628319359097
160 103 4 8 7 0.015596059956869014 9 7 0.6861708470475482 8 8 0.006627928950562963 9 8 0.2916051640450199
160 104 4 8 8 0.526122404164924 9 8 0.33833058294747936 8 9 0.08249647043966242 9 9 0.05305054244793418
161 105 4 8 9 0.15765412339237042 9 9 0.2830900581308647 8 10 0.20004571701734178 9 10 0.35921010145942306
161 106 4 8 10 0.5696953275793234 9 10 0.03373493405189855 8 11 0.3743993985275433 9 11 0.02217033984123475
162 106 4 8 10 0.0018190511764127047 9 10 0.015216324757654767 8 11 0.104961755038433 9 11 0.8780028690274996
162 107 4 8 11 0.12457854464337266 9 11 0.05514291139866655 8 12 0.5685971472686275 9 12 0.2516813966893332
163 108 4 8 13 0.33435162798115825 9 13 0.4216610224717132 8 14 0.10790502973597493 9 14 0.13608231981115354
164 109 4 8 14 0.06358222796353816 9 14 0.26872161690017965 8 15 0.12775539555873577 9 15 0.5399407595775465
164 110 4 8 15 0.38496975638658004 9 15 0.11002016858512403 8 16 0.39276275283284845 9 16 0.11224732219544752
165 111 4 8 16 0.037551854205546485 9 16 0.03372926517697537 8 17 0.4892616208190083 9 17 0.43945725979846995
166 112 4 8 18 0.1786616014108132 9 18 0.46891071238255544 8 19 0.09723283941888174 9 19 0.25519484678774956
166 113 4 8 19 0.6986771647899261 9 19 0.1115812291114289 8 20 0.1636121617369234 9 20 0.026129444361721658
167 113 4 8 19 0.00559108214809916 9 19 0.21827242605610128 8 20 0.019384324486729287 9 20 0.7567521673090702
167 114 4 8 20 0.23632493480722647 9 20 0.15022465350496025 8 21 0.3750453575247492 9 21 0.238405054163064
168 115 4 8 22 0.3470571715182377 9 22 0.6157836112047813 8 23 0.013394086618878247 9 23 0.023765130658102724
168 116 4 8 22 0.11885462601913702 9 22 0.006672236811853748 8 23 0.8279915178151334 9 23 0.04648161935387582
169 116 4 8 23 0.059052324453851106 9 23 0.4800796526799857 8 24 0.05047989948839832 9 24 0.41038812337776487
169 117 4 8 24 0.48841421206903857 9 24 0.2134038451727845 8 25 0.2075128975703581 9 25 0.09066904518781883
170 118 4 8 25 0.12376086284126629 9 25 0.15434838881138854 8 26 0.32124721260326333 9 26 0.40064353574408185
171 119 4 8 27 0.16582976341975578 9 27 0.6885706826437459 8 28 0.02825927782991464 9 28 0.11734027610658371
171 120 4 8 27 0.013335759044191138 9 27 0.003750767127282268 8 28 0.7671481679026265 9 28 0.21576530592590004
172 121 4 8 29 0.3142320089615703 9 29 0.27914571162073537 8 30 0.21533288379038817 9 30 0.19128939562730612
173 122 4 8 30 0.047277540488712945 9 30 0.12239137450442451 8 31 0.23136831806837846 9 31 0.598962766938484
173 123 4 8 31 0.2875006123188798 9 31 0.044854382782229446 8 32 0.5775401319353661 9 32 0.09010487296352465
174 123 4 8 32 0.02068310493466955 9 32 0.7252770044692856 8 33 0.0070437194275553665 9 33 0.24699617116848938
174 124 4 8 33 0.5580193517420214 9 33 0.35062683776993464 8 34 0.05610235831735802 9 34 0.035251452170685926
175 125 4 8 34 0.17613055546749026 9 34 0.3088068284552903 8 35 0.18707212039702212 9 35 0.32799049568019734
175 126 4 8 35 0.6149816622537366 9 35 0.032641801777030785 8 36 0.3346158993079303 9 36 0.017760636661302318
176 126 4 8 35 0.00687496774955323 9 35 0.054353610584059624 8 36 0.10540867392009266 9 36 0.8333627477462945
176 127 4 8 36 0.1564443638158115 9 36 0.06747029462578036 8 37 0.5422341635509889 9 37 0.23385117800741922
177 128 4 8 38 0.3582997671064129 9 38 0.4419060857460041 8 39 0.08945972606552048 9 39 0.11033442108206262
157 97 4 9 0 0.007658665590780352 10 0 0.4771764178571956 9 1 0.008137768809788653 10 1 0.5070271477422353
157 98 4 9 1 0.3899316242729792 10 1 0.2575895392829836 9 2 0.21225969582474438 10 2 0.14021914061929286
158 99 4 9 2 0.07861907859629756 10 2 0.1451932793704824 9 3 0.2726532073065516 10 3 0.5035344347266684
158 100 4 9 3 0.36240689725738523 10 3 0.02409154081738099 9 4 0.5752602743426184 10 4 0.03824128758261528
159 100 4 9 4 0.08029299318420893 10 4 0.7198105591934177 9 5 0.020060258523781054 10 5 0.17983618909859211
159 101 4 9 5 0.6611939868224784 10 5 0.3015956456631347 9 6 0.025554150582666108 10 6 0.011656216931720802
160 102 4 9 6 0.23494711334413262 10 6 0.3041337135523128 9 7 0.20088198986614483 10 7 0.26003718323740976
161 103 4 9 7 0.021333448422373398 10 7 0.09403857288488923 9 8 0.1635766205930376 10 8 0.7210513580996998
161 104 4 9 8 0.21446759131955048 10 8 0.0635905100956984 9 9 0.5568373633930149 10 9 0.1651045351917361
162 105 4 9 10 0.444591344752097 10 10 0.4097579510739842 9 11 0.07579457576559473 10 11 0.06985612840832406
163 106 4 9 11 0.11604335202867885 10 11 0.3145971382082341 9 12 0.1534235342941531 10 12 0.4159359754689339
163 107 4 9 12 0.5078055298819147 10 12 0.08552104046297061 9 13 0.3480562421380718 10 13 0.05861718751704292
164 108 4 9 13 0.1026090349951006 10 13 0.06700872976061642 9 14 0.5023337028300194 10 14 0.3280485324142636
165 109 4 9 15 0.264069452295134 10 15 0.48183950687142985 9 16 0.08995425133511889 10 16 0.16413678949831725
165 110 4 9 16 0.8544596651044528 10 16 0.05413537417009732 9 17 0.08595892422295467 10 17 0.005446036502495222
166 110 4 9 16 0.033220340326631966 10 16 0.28897981325077815 9 17 0.06988432910876176 10 17 0.6079155173138281
166 111 4 9 17 0.33432884241596406 10 17 0.15055739126941778 9 18 0.35517071271657685 10 18 0.15994305359804126
167 112 4 9 18 0.026831228284064704 10 18 0.03434619981214948 9 19 0.4117492926536092 10 19 0.5270732792501767
168 113 4 9 20 0.11962830945156647 10 20 0.5178403130554801 9 21 0.06803317729124825 10 21 0.29449820020170525
168 114 4 9 21 0.6193648464969688 10 21 0.18078985611806395 9 22 0.15469152594299315 10 22 0.04515377144197408
169 115 4 9 22 0.19693290456339804 10 22 0.17951299246246644 9 23 0.3262044336816974 10 23 0.29734966929243806
170 116 4 9 24 0.25935247523664107 10 24 0.6933846162000412 9 25 0.012865828813587365 10 25 0.034397079749730344
170 117 4 9 24 0.09910385749072641 10 24 0.01631931405394216 9 25 0.7595093322566493 10 25 0.12506749619868215
171 117 4 9 25 0.01126791622138608 10 25 0.5177603696261431 9 26 0.010031353633975866 10 26 0.460940360518495
171 118 4 9 26 0.4203507775028813 10 26 0.2713635884526341 9 27 0.18734337804963522 10 27 0.12094225599484941
172 119 4 9 27 0.09561771632423029 10 27 0.17238784404211688 9 28 0.2611574050334264 10 28 0.47083703460022647
172 120 4 9 28 0.40621543758460843 10 28 0.024476202889710464 9 29 0.5369545694701955 10 29 0.03235379005548561
173 120 4 9 29 0.08937395086495248 10 29 0.7549228039122124 9 30 0.016482136297837725 10 30 0.13922110892499737
174 122 4 9 31 0.2574174581221877 10 31 0.32585657117379585 9 32 0.18391448054288992 10 32 0.23281149016112654
175 123 4 9 32 0.03038327769845369 10 32 0.12918194600836158 9 33 0.16002962677175747 10 33 0.6804051495214273
175 124 4 9 33 0.25032732319492834 10 33 0.07192398061987318 9 34 0.5264804669724372 10 34 0.15126822921276112
176 125 4 9 35 0.4725333965802963 10 35 0.42600910164533023 9 36 0.053355359392202865 10 36 0.048102142382170546
177 126 4 9 36 0.13056488835489266 10 36 0.3442688042815657 9 37 0.14440483342273952 10 37 0.3807614739408022
177 127 4 9 37 0.549136968807428 10 37 0.08838280393700994 9 38 0.31222763866735875 10 38 0.05025258858820338
178 127 4 9 37 0.0012295886860783966 10 37 0.049895298361204994 9 38 0.022821098896687285 10 38 0.9260540140560294
178 128 4 9 38 0.13051995841862835 10 38 0.08329100873663405 9 39 0.47992561486129187 10 39 0.30626341798344575
158 97 4 10 1 0.16035586563012383 11 1 0.7380843321206981 10 2 0.018126648878424183 11 2 0.08343315337075383
158 98 4 10 1 0.04675410849289665 11 1 0.014372169365911599 10 2 0.7181232917128059 11 2 0.22075043042838588
159 99 4 10 3 0.32760604251446185 11 3 0.3098114297551787 10 4 0.18635232349637415 11 4 0.17623020423398525
160 100 4 10 4 0.05621378488691463 11 4 0.15749488179355767 10 5 0.20682554692906166 11 5 0.5794657863904661
160 101 4 10 5 0.3197225772143073 11 5 0.05667216957415127 10 6 0.5297116402988234 11 6 0.09389361291271796
161 101 4 10 6 0.009575033437061993 11 6 0.7804248276542426 10 7 0.002545264184047783 11 7 0.20745487472464758
161 102 4 10 7 0.5701970007416198 11 7 0.382488940457671 10 8 0.028318182576637204 11 8 0.018995876224071905
162 103 4 10 8 0.18387041531239504 11 8 0.34510672029771366 10 9 0.16372573381099498 11 9 0.30729713057889635
162 104 4 10 9 0.6460072425958489 11 9 0.045655973122245945 10 10 0.2879837922246955 11 10 0.020352992057209557
163 104 4 10 9 0.010177038439768962 11 9 0.09509129158117145 10 10 0.0865000764887618 11 10 0.8082315934902977
163 105 4 10 10 0.1830321550032394 11 10 0.0849222551256873 10 11 0.5000398456224388 11 11 0.2320057442486347
164 106 4 10 12 0.36484324239803634 11 12 0.4794023621417227 10 13 0.06730972403278192 11 13 0.08844467142745908
165 107 4 10 13 0.0762155377237328 11 13 0.3443212612268434 10 14 0.10501839451221896 11 14 0.4744448065372049
165 108 4 10 14 0.44769868924326356 11 14 0.13552418981529954 10 15 0.31993012868983545 11 15 0.09684699225160145
166 109 4 10 15 0.08242248240559169 11 15 0.07709159106383216 10 16 0.4342873013326481 11 16 0.4061986251979281
167 110 4 10 17 0.19557023366785548 11 17 0.5402350342124008 10 18 0.07022051587551728 11 18 0.19397421624422656
167 111 4 10 18 0.7656814201434591 11 18 0.1328099278447688 10 19 0.08650421509706088 11 19 0.015004436914711204
168 111 4 10 18 0.004641409748468657 11 18 0.30745505254260475 10 19 0.01023030560003759 11 19 0.6776732321088891
168 112 4 10 19 0.28547088550409994 11 19 0.18931165689495974 10 20 0.31579571554156083 11 20 0.20942174205937947
169 113 4 10 20 0.017893559421323472 11 20 0.0331801773885685 10 21 0.33245400742947023 11 21 0.6164722557606378
169 114 4 10 21 0.2002378951558521 11 21 0.013521921762026136 10 22 0.7365045573920889 11 22 0.049735625690032904
170 114 4 10 22 0.06237797455105878 11 22 0.5649869566696656 10 23 0.0370505581048612 11 23 0.3355845106744145
170 115 4 10 23 0.5418354852627598 11 23 0.2482155260659507 10 24 0.14398793309031463 11 24 0.06596105558097481
171 116 4 10 24 0.15932383137831763 11 24 0.20701837436122464 10 25 0.27558055277989707 11 25 0.35807724148056064
172 117 4 10 26 0.17343073601380754 11 26 0.7692026641365671 10 27 0.010554613949540685 11 27 0.046811985900084695
172 118 4 10 26 0.08113604602107773 11 26 0.024183434237283162 10 27 0.689244189639425 11 27 0.2054363301022141
173 119 4 10 28 0.354070299995462 11 28 0.3275403746737312 10 29 0.1653909014701742 11 29 0.15299842386063256
174 120 4 10 29 0.06925752686593005 11 29 0.1886443422140804 10 30 0.1992846404048464 11 30 0.5428134905151432
174 121 4 10 30 0.35957622179260873 11 30 0.06101172739538795 10 31 0.49536083117531493 11 31 0.08405121963668832
175 121 4 10 31 0.014701095368894085 11 31 0.8194919681219487 10 32 0.0029220377070086306 11 32 0.16288489880214863
176 123 4 10 33 0.20238586434155362 11 33 0.3707844736681077 10 34 0.15071312023664382 11 34 0.2761165417536949
176 124 4 10 34 0.691332594224301 11 34 0.044523823893346574 10 35 0.2481612760510437 11 35 0.015982305831308725
177 124 4 10 34 0.015271971966940764 11 34 0.13418956045354502 10 35 0.08690797841638294 11 35 0.7636304891631313
177 125 4 10 35 0.21493699112970527 11 35 0.0972106213987668 10 36 0.4736378449507729 11 36 0.214214542520755
178 126 4 10 37 0.38883039847732337 11 37 0.4996084084619809 10 38 0.04882540340829503 11 38 0.06273578965240058
179 127 4 10 38 0.0867821783010412 11 38 0.37794782304910224 10 39 0.09995458938970349 11 39 0.4353154092601531
158 96 4 11 0 0.4356309109033661 12 0 0.3001232067394697 11 1 0.156456717908028 12 1 0.1077891644491363
159 97 4 11 1 0.10646006057003256 12 1 0.20558525148364942 11 2 0.23470853404650172 12 2 0.4532461538998164
159 98 4 11 2 0.44034350232763964 12 2 0.03438788983402861 11 3 0.4872199779860491 12 3 0.0380486298522826
160 98 4 11 3 0.08017197921494891 12 3 0.8081645272495654 11 4 0.010077581206726138 12 4 0.10158591232875956
160 99 4 11 3 0.034524149830889486 12 3 0.016498436741596567 11 4 0.6421202962879329 12 4 0.30685711713958114
161 100 4 11 5 0.26706341781469706 12 5 0.3602503631686213 11 6 0.1586619941092582 12 6 0.21402422490742343
162 101 4 11 6 0.035591448236271625 12 6 0.16801352715787846 11 7 0.13921492949281714 12 7 0.6571800951130327
162 102 4 11 7 0.27882121422995576 12 7 0.08746984127218062 11 8 0.4823800491962803 12 8 0.15132889530158336
163 103 4 11 9 0.48098297171950893 12 9 0.4615992781934452 11 10 0.029299257511867828 12 10 0.02811849257517801
164 104 4 11 10 0.13457667433941958 12 10 0.3842967699843669 11 11 0.12478652069709743 12 11 0.35634003497911615
164 105 4 11 11 0.576434475289165 12 11 0.10512504914260766 11 12 0.2693236054444992 12 12 0.04911687012372806
165 106 4 11 12 0.15337967574567846 12 12 0.10447104309692601 11 13 0.44145937079311937 12 13 0.3006899103642762
166 107 4 11 14 0.28687809710271805 12 14 0.5472638161507187 11 15 0.05704191524121995 12 15 0.10881617150534324
167 108 4 11 15 0.03817068047753853 12 15 0.37226242718674457 11 16 0.05483029767152573 12 16 0.5347365946641912
167 109 4 11 16 0.38937480566338456 12 16 0.18374438210888533 11 17 0.2900210581828342 12 17 0.13685975404489592
168 110 4 11 17 0.06401888687481329 12 17 0.08539149530828836 11 18 0.3644579427765457 12 18 0.4861316750403526
169 111 4 11 19 0.12885397209931201 12 19 0.5968476044946074 11 20 0.04870382335717324 12 20 0.2255946000489073
169 112 4 11 20 0.6786861322412201 12 20 0.20970152446068555 11 21 0.08526654891241961 12 21 0.026345794385674682
170 113 4 11 21 0.23839588565098052 12 21 0.2262829654617569 11 22 0.27463776130779277 12 22 0.2606833875794698
171 114 4 11 22 0.01073884761733391 12 22 0.030231197906250395 11 23 0.25137576514657234 12 23 0.7076541893298434
171 115 4 11 23 0.1728041570181544 12 23 0.03085196861340165 11 24 0.6757053414429063 12 24 0.1206385329255376
172 115 4 11 24 0.006910596709312976 12 24 0.6103506432250891 11 25 0.004284981859734034 12 25 0.3784537782058639
172 116 4 11 25 0.4660890810873105 12 25 0.3138582389550778 11 26 0.13150138317889098 12 26 0.08855129677872063
173 117 4 11 26 0.12349771525198557 12 26 0.2327407992012345 11 27 0.22317371481934892 12 27 0.420587770727431
173 118 4 11 27 0.4841910596088784 12 27 0.03473353495232846 11 28 0.4488752561596033 12 28 0.0322001492791898
174 118 4 11 28 0.08929195384971819 12 28 0.8432377550143342 11 29 0.006460442026749802 12 29 0.061009849109197774
174 119 4 11 28 0.06495119161016388 12 28 0.030264597361874788 11 29 0.6171960899634586 12 29 0.2875881210645027
175 120 4 11 30 0.28957277954678423 12 30 0.3819342038360722 11 31 0.1416554678319712 12 31 0.18683754878517234
176 121 4 11 31 0.04468029446638136 12 31 0.20311788332730688 11 32 0.13562891871750762 12 32 0.6165729034888041
176 122 4 11 32 0.31471996305936834 12 32 0.09576429484232069 11 33 0.45198413582167524 12 33 0.13753160627663583
177 123 4 11 34 0.5089640405017379 12 34 0.4778114118107689 11 35 0.006821024184439112 12 35 0.006403523503054086
178 124 4 11 35 0.14913722761966167 12 35 0.41392941910367015 11 36 0.1157288028716483 12 36 0.3212045504050199
178 125 4 11 36 0.6178049311687043 12 36 0.10794779566261388 11 37 0.2334559850197602 12 37 0.04079128814892165
179 125 4 11 36 0.0019436232941787413 12 36 0.13741421783999938 11 37 0.012003373002264738 12 37 0.8486387858635571
179 126 4 11 37 0.18132961612324705 12 37 0.12071430511891733 11 38 0.4190122658703509 12 38 0.27894381288748465
159 95 4 12 0 0.16613486421140522 13 0 0.8205382876263042 12 1 0.0022439590108278605 13 1 0.01108288915146268
159 96 4 12 0 0.11273242145700275 13 0 0.036626810488692964 12 1 0.6420412874623775 13 1 0.20859948059192668
160 97 4 12 2 0.36562235953557853 13 2 0.3600280668209495 12 3 0.13823231518894263 13 3 0.13611725845452935
161 98 4 12 3 0.07637179725135405 13 3 0.22556982351600574 12 4 0.17656384327830002 13 4 0.5214945359543401
161 99 4 12 4 0.38997621267524085 13 4 0.07465148820009068 12 5 0.4493543135515606 13 5 0.08601798557310801
162 100 4 12 5 0.024077148227630168 13 5 0.01684174705853367 12 6 0.5643343438043046 13 6 0.3947467609095315
163 101 4 12 7 0.20830375017368075 13 7 0.40890633952331534 12 8 0.12918870766339427 13 8 0.2536012026396096
163 102 4 12 8 0.72053620055364 13 8 0.059359969251342466 12 9 0.20335114298058235 13 9 0.016752687214435243
164 102 4 12 8 0.016752068644378344 13 8 0.17674921546344957 12 9 0.06982135499783022 13 9 0.7366773608943419
164 103 4 12 9 0.23970280830435062 13 9 0.11648455591144902 12 10 0.4332655010350124 13 10 0.2105471347491879
165 104 4 12 11 0.39355189975615446 13 11 0.5389266588704775 12 12 0.02849737538834157 13 12 0.03902406598502648
166 105 4 12 12 0.08706589042518727 13 12 0.42170386261229154 12 13 0.08406435052444228 13 13 0.40716589643807893
166 106 4 12 13 0.5086446650412404 13 13 0.16281116810422475 12 14 0.24888046160554372 13 14 0.0796637052489912
167 107 4 12 14 0.1255101535468731 13 14 0.12223687400942375 12 15 0.38109593890504445 13 15 0.3711570335386587
168 108 4 12 16 0.21069590886614567 13 16 0.6133423131009835 12 17 0.044991149390904844 13 17 0.130970628641966
168 109 4 12 17 0.8309027184382695 13 17 0.15582158363684598 12 18 0.011179225515935634 13 18 0.002096472408948971
169 110 4 12 18 0.3328338791422315 13 18 0.23018161734371623 12 19 0.258329030617107 13 19 0.17865547289694522
170 111 4 12 19 0.047398248402776164 13 19 0.09190844249398876 12 20 0.29284562716168805 13 20 0.567847681941547
170 112 4 12 20 0.2798382072338063 13 20 0.02215456377094485 12 21 0.6468005540278123 13 21 0.051206674967436396
171 112 4 12 21 0.06392066758952723 13 21 0.6516772177180844 12 22 0.025404173780077796 13 22 0.25899794091231043
171 113 4 12 22 0.5934738013977392 13 22 0.28481016401785886 12 23 0.08224592566902035 13 23 0.0394701089153816
172 114 4 12 23 0.19310384285661863 13 23 0.26147131696981113 12 24 0.23169685001527382 13 24 0.31372799015829633
173 115 4 12 24 0.005367092872085483 13 24 0.025499261365162094 12 25 0.1685145658049478 13 25 0.8006190799578046
173 116 4 12 25 0.14715337593920486 13 25 0.046399058406029 12 26 0.6131231684349757 13 26 0.19332439721979047
174 117 4 12 27 0.39212563397059796 13 27 0.37771799478546814 12 28 0.117231876208716 13 28 0.11292449503521783
175 118 4 12 28 0.08945455618440167 13 28 0.25668026698249624 12 29 0.1689839198000526 13 29 0.4848812570330495
175 119 4 12 29 0.42986887420758985 13 29 0.07895202906729486 12 30 0.41496448747401166 13 30 0.07621460925110364
176 120 4 12 30 0.05054929425798897 13 30 0.03456280342771298 12 31 0.5433650332287461 13 31 0.37152286908555204
177 121 4 12 32 0.22685821615686258 13 32 0.43454507593967173 12 33 0.11613707713501265 13 33 0.22245963076845313
177 122 4 12 33 0.765900569136124 13 33 0.05818880306841104 12 34 0.16348960985289848 13 34 0.012421017942566462
178 122 4 12 33 0.021886019125584022 13 33 0.21580846738179651 12 34 0.07019023997142473 13 34 0.6921152735211947
178 123 4 12 34 0.2716466613848509 13 34 0.12873390523050138 12 35 0.40682448340930516 13 35 0.19279494997534263
179 124 4 12 36 0.4175780727894798 13 36 0.5590936882367121 12 37 0.009974037809816429 13 37 0.013354201163991707
180 125 4 12 37 0.09767154795652716 13 37 0.45529140748049696 12 38 0.07896152844790257 13 38 0.3680755161150733
180 126 4 12 38 0.5460602251718684 13 38 0.16958881037314208 12 39 0.2169677369297086 13 39 0.0673832275252809
160 95 4 13 0 0.13251808548501062 14 0 0.2677601806555443 13 1 0.1985468178452087 14 1 0.4011749160142364
160 96 4 13 1 0.5164971503391166 14 1 0.04646719590942529 13 2 0.40096263868825005 14 2 0.036073015063208126
161 96 4 13 2 0.07826800818692652 14 2 0.8983014523644607 13 3 0.0018778609484190693 14 3 0.02155267850019367
161 97 4 13 2 0.09281949318570673 14 2 0.04643604747366679 13 3 0.5737212616467934 14 3 0.2870231976938331
162 98 4 13 4 0.2973967652265195 14 4 0.41814996984368635 13 5 0.11822495541111352 14 5 0.16622830951868064
163 99 4 13 5 0.048066490991419165 14 5 0.2437714384896039 13 6 0.11663619545134742 14 6 0.5915258750676295
163 100 4 13 6 0.34139188008160715 14 6 0.11313212950740222 13 7 0.40970569205831403 14 7 0.1357702983526767
164 101 4 13 7 0.015413103683119614 14 7 0.015402100316722027 13 8 0.48476543426194224 14 8 0.4844193617382161
165 102 4 13 9 0.15132703959140825 14 9 0.4557793588192657 13 10 0.09793246415877932 14 10 0.29496113743054675
165 103 4 13 10 0.643280463637655 14 10 0.12651201488099062 13 11 0.192373925809687 14 11 0.03783359567166729
166 104 4 13 11 0.20236735943751058 14 11 0.1437163134919814 13 12 0.3823679958149723 14 12 0.2715483312555357
167 105 4 13 13 0.3079037848515468 14 13 0.6144710824887775 13 14 0.025912536206061765 14 14 0.051712596453613945
167 106 4 13 13 0.07827403709911335 14 13 0.006786910349197216 13 14 0.8419371696556497 14 14 0.07300188289603972
168 106 4 13 14 0.04133806356970426 14 14 0.4573279981814663 13 15 0.041559223293045074 14 15 0.45977471495578437
168 107 4 13 15 0.4426378118520515 14 15 0.2187143300070914 13 16 0.22665436070785241 14 16 0.11199349743300474
169 108 4 13 16 0.09942358840680533 14 16 0.1382197478631693 13 17 0.3189495499582242 14 17 0.4434071137718012
170 109 4 13 18 0.1362966776883166 14 18 0.6776378529924902 13 19 0.031157426481846433 14 19 0.15490804283734663
170 110 4 13 19 0.7362244609267343 14 19 0.24039614986205873 13 20 0.017624528940583112 14 20 0.005754860270623693
171 111 4 13 20 0.27807590967982265 14 20 0.274835895519803 13 21 0.22485404599262854 14 21 0.22223414880774597
172 112 4 13 21 0.0325605669895002 14 21 0.09664243262095705 13 22 0.2194503544880911 14 22 0.6513466459014516
172 113 4 13 22 0.24472149948683536 14 22 0.04716758023160816 13 23 0.5936843076879105 14 23 0.11442661259364605
173 114 4 13 24 0.5100444276129954 14 24 0.35813584651628055 13 25 0.07744234536688406 14 25 0.054377380503840105
174 115 4 13 25 0.14959475712099285 14 25 0.2948767114191002 13 26 0.18697298166401946 14 26 0.3685555497958875
174 116 4 13 26 0.5603837245743907 14 26 0.04677382407368922 13 27 0.3625788999077761 14 27 0.030263551444143992
175 116 4 13 26 0.0017782951855885723 14 26 0.018984367765336803 13 27 0.08387040940455723 14 27 0.8953669276445174
175 117 4 13 27 0.12328555191900345 14 27 0.0601631911399082 13 28 0.5487580383682968 14 28 0.2677932185727915
176 118 4 13 29 0.31994514391263895 14 29 0.43979479355710505 13 30 0.10117941217979434 14 30 0.13908065035046172
177 119 4 13 30 0.057194354175563476 14 30 0.27883677770501225 13 31 0.11301116772200329 14 31 0.550957700397421
177 120 4 13 31 0.37732964586503803 14 31 0.12138756612350943 13 32 0.3792707617296832 14 32 0.12201202628176927
178 121 4 13 32 0.037930353964580166 14 32 0.03707805243481412 13 33 0.4677510194352747 14 33 0.45724057416533104
179 122 4 13 34 0.1659266098256918 14 34 0.4853729909845494 13 35 0.08883572937929599 14 35 0.25986466981046286
179 123 4 13 35 0.6846899364712447 14 35 0.12929574444696826 13 36 0.1564672884308977 14 36 0.02954703065088946
180 124 4 13 36 0.23035631676910007 14 36 0.1599205585599373 13 37 0.3598818739381758 14 37 0.24984125073278693
181 125 4 13 38 0.3279750621359596 14 38 0.63859300760391 13 39 0.011344094376449098 14 39 0.022087835883681236
181 126 4 13 38 0.11965238152801934 14 38 0.00960176831983661 13 39 0.8060616606815441 14 39 0.06468418947060012
161 95 4 14 1 0.4018557194979346 15 1 0.41202766094546645 14 2 0.09189526394026377 15 2 0.09422135561633523
162 96 4 14 2 0.0947468525570388 15 2 0.29542772229719394 14 3 0.1480850966862858 15 3 0.4617403284594815
162 97 4 14 3 0.45844689107744163 15 3 0.09441376388477796 14 4 0.3707799438630375 15 4 0.07635940117474294
163 98 4 14 4 0.07468952197315888 15 4 0.05446232739989245 14 5 0.503618278772461 15 5 0.36722987185448763
164 99 4 14 6 0.23095412797620965 15 6 0.47448891580765945 14 7 0.0964346385745432 15 7 0.19812231764158766
164 100 4 14 7 0.7932822014526757 15 7 0.07484692243917973 14 8 0.12050145079523171 15 8 0.011369425312912924
165 100 4 14 7 0.021544141790238308 15 7 0.2601900964044625 14 8 0.05492559056564805 15 8 0.6633401712396512
165 101 4 14 8 0.29459050454672153 15 8 0.14982981375596557 14 9 0.36827411350631933 15 9 0.18730556819099356
166 102 4 14 9 0.008532016197362739 15 9 0.012179496516171227 14 10 0.40341356766081105 15 10 0.575874919625655
167 103 4 14 11 0.09613328606788836 15 11 0.5008694210564635 14 12 0.06489326359541898 15 12 0.33810402928022926
167 104 4 14 12 0.5678076837804426 15 12 0.19188110345189544 14 13 0.17961375158001924 15 13 0.060697461187642715
168 105 4 14 13 0.16681486762940625 15 13 0.16916511401376355 14 14 0.3296875335361885 15 14 0.3343324848206417
169 106 4 14 15 0.22403862700569147 15 15 0.6882325490483251 14 16 0.021544739965036856 15 16 0.06618408398094652
169 107 4 14 15 0.06236280700642997 15 15 0.01259444915555839 14 16 0.7696154456614529 15 16 0.1554272981765588
170 108 4 14 17 0.37841391572160127 15 17 0.2728345348512194 14 18 0.20264530275140785 15 18 0.1461062466757715
171 109 4 14 18 0.07511998032549247 15 18 0.15241966465817447 14 19 0.2550202039526568 15 19 0.5174401510636762
171 110 4 14 19 0.35765556225304207 15 19 0.03257016283861116 14 20 0.5588795077222618 15 20 0.05089476718608501
172 110 4 14 20 0.06368040356924867 15 20 0.7401504358252506 14 21 0.015540746514041411 15 21 0.18062841409145933
172 111 4 14 21 0.6433291604739547 15 21 0.3231877590285162 14 22 0.02228687530648253 15 22 0.011196205191046478
173 112 4 14 22 0.22510089727616556 15 22 0.3177072166371378 14 23 0.1895961043094047 15 23 0.267595781777292
174 113 4 14 23 0.019505842634966436 15 23 0.09959346568916862 14 24 0.14427212475574464 15 24 0.7366285669201204
174 114 4 14 24 0.21138774879859482 15 24 0.07039763963352648 14 25 0.5387851042892635 15 25 0.1794295072786152
175 115 4 14 26 0.42839801088698554 15 26 0.42967857195595355 14 27 0.07085580800600573 15 27 0.07106760915105516
176 116 4 14 27 0.10786862844412136 15 27 0.3264991488096495 14 28 0.14046615625401068 15 28 0.42516606649221844
176 117 4 14 28 0.4983785695638101 15 28 0.09867528779794757 14 29 0.3363511008314692 15 29 0.0665950418067731
177 118 4 14 29 0.10120068495754894 15 29 0.0721443668150405 14 30 0.48260995124286393 15 30 0.34404499698454666
178 119 4 14 31 0.24954761091342842 15 31 0.5000886352699934 14 32 0.08334399109212465 15 32 0.16701976272445365
178 120 4 14 32 0.8386855869891787 15 32 0.07363673930221484 14 33 0.0806009007135289 15 33 0.007076772995077606
179 120 4 14 32 0.02671710922547715 15 32 0.2992103313687909 14 33 0.0552554585852094 15 33 0.6188171008205225
179 121 4 14 33 0.32657337458126295 15 33 0.16204014612099135 14 34 0.34179407892657093 15 34 0.16959240037117482
180 122 4 14 34 0.027094370729913875 15 34 0.03781034438316548 14 35 0.39035404858306016 15 35 0.5447412363038604
181 123 4 14 36 0.10677796055326153 15 36 0.5344179489706429 14 37 0.059751424564846035 15 37 0.29905266591124957
181 124 4 14 37 0.605262260865102 15 37 0.19861972876678138 14 38 0.14766200995015277 15 38 0.04845600041796383
182 125 4 14 38 0.1908489292120924 15 38 0.18932425483062273 14 39 0.31115630740830313 15 39 0.30867050854898165
161 94 4 15 0 0.590867841291858 16 0 0.06032945904357127 15 1 0.3164882564491864 16 1 0.03231444321538434
162 94 4 15 0 0.004538902251140196 16 0 0.060263512387134545 15 1 0.0655032755978832 16 1 0.869694309763842
162 95 4 15 1 0.14933187948176616 16 1 0.07815661526448031 15 2 0.5071051840644117 16 2 0.26540632118934177
163 96 4 15 3 0.3259471555795878 16 3 0.47783253357749095 15 4 0.07957087377172306 16 4 0.11664943707119815
164 97 4 15 4 0.058758576687823694 16 4 0.32131230688008683 15 5 0.09584041846862795 16 5 0.5240886979634615
164 98 4 15 5 0.40217958887452293 16 5 0.14057737480137442 15 6 0.33881429197908325 16 6 0.1184287443450194
165 99 4 15 6 0.05834250781935112 16 6 0.060705650267363465 15 7 0.4317323388393807 16 7 0.44921950307390457
166 100 4 15 8 0.16629444778465743 16 8 0.5290449047129041 15 9 0.0728613646792152 16 9 0.23179928282322335
166 101 4 15 9 0.7083434949274272 16 9 0.14968193767812046 15 10 0.11720720323359989 16 10 0.024767364160852404
167 102 4 15 10 0.24957208607058934 16 10 0.18474454094579013 15 11 0.32505957789556406 16 11 0.2406237950880565
168 103 4 15 11 0.0034338857703422954 16 11 0.007173935656854945 15 12 0.32027874400095135 16 12 0.6691134345718516
168 104 4 15 12 0.15771608217201977 16 12 0.015577819363163757 15 13 0.7523914332964283 16 13 0.07431466516838812
169 104 4 15 13 0.04272248960311662 16 13 0.544176526234913 15 14 0.0300711059733105 16 14 0.3830298781886599
169 105 4 15 14 0.4941178609819607 16 14 0.2554672349640551 15 15 0.1650706202916137 16 15 0.08534428376237051
170 106 4 15 15 0.13304533288005638 16 15 0.1928309574768057 15 16 0.27522411419865095 16 16 0.3988995954444869
171 107 4 15 17 0.14195642621857946 16 17 0.760211058549115 15 18 0.015393986665268642 16 18 0.08243852856703694
171 108 4 15 17 0.04823453397250507 16 17 0.016619030903175597 15 18 0.6955107646084903 16 18 0.239635670515829
172 109 4 15 19 0.3159729766499203 16 19 0.32517178263659263 15 20 0.17685328773621528 16 20 0.1820019529772717
173 110 4 15 20 0.0525993293029217 16 20 0.16483662439442306 15 21 0.1893079008883474 16 21 0.5932561454143079
173 111 4 15 21 0.31485588489675453 16 21 0.06526614890856194 15 22 0.5134462309916692 16 22 0.10643173520301445
174 112 4 15 23 0.5522168170799233 16 23 0.40419641113622545 15 24 0.025166264613633794 16 24 0.018420507170217416
175 113 4 15 24 0.173908841931257 16 24 0.35879558069572404 15 25 0.15255520556743304 16 25 0.31474037180558584
175 114 4 15 25 0.6347934324811644 16 25 0.06059707025380301 15 26 0.2780655007146802 16 26 0.026543996550352403
176 114 4 15 25 0.008234075339180033 16 25 0.10076154169863283 15 26 0.06731093796464357 16 26 0.8236934449975437
176 115 4 15 26 0.179836955169095 16 26 0.09184474197668963 15 27 0.4821029438318832 16 27 0.24621535902233227
177 116 4 15 28 0.3485345512197393 16 28 0.49943834033687756 15 29 0.06248631358637175 16 29 0.08954079485701134
178 117 4 15 29 0.06792545682599498 16 29 0.35633862914145364 15 30 0.09217637378524961 16 30 0.4835595402473017
178 118 4 15 30 0.4381563716119821 16 30 0.1487937944634534 15 31 0.30834034469641697 16 31 0.10470948922814752
179 119 4 15 31 0.08089877505484384 16 31 0.0823425854314234 15 32 0.4146789070586882 16 32 0.42207973245504454
180 120 4 15 33 0.18093303497296426 16 33 0.5585995199241499 15 34 0.06372561294570132 16 34 0.19674183215718463
180 121 4 15 34 0.7497919847150304 16 34 0.15242665029006988 15 35 0.08126154890078961 16 35 0.016519816094110042
181 122 4 15 35 0.2776000603562135 16 35 0.2009097690597114 15 36 0.30253443906474015 16 36 0.218955731519335
182 123 4 15 36 0.018041344553989314 16 36 0.03675967927276056 15 37 0.3111741206720972 16 37 0.6340248555011528
182 124 4 15 37 0.19913344355495652 16 37 0.01835366037977237 15 38 0.7164769073682845 16 38 0.06603598869698657
183 124 4 15 38 0.0494122683395837 16 38 0.5816799498980059 15 39 0.028884162691643636 16 39 0.3400236190707669
162 93 4 16 0 0.4363061224015501 17 0 0.4658102121287384 16 1 0.04734116975032608 17 1 0.05054249571938544
163 94 4 16 1 0.11133895080398805 17 1 0.3670685781371322 16 2 0.12138930715302884 17 2 0.4002031639058509
163 95 4 16 2 0.5251346124208863 17 2 0.11595899662820615 16 3 0.2939885312332778 17 3 0.06491785971762969
164 96 4 16 3 0.12351893865993073 17 3 0.09386586479999355 16 4 0.4446851707993669 17 4 0.3379300257407088
165 97 4 16 5 0.25182154872000084 17 5 0.5418544491507558 16 6 0.06546352654443703 17 6 0.14086047558480638
165 98 4 16 6 0.8642452452929708 17 6 0.09211683268577206 16 7 0.039434715668614354 17 7 0.004203206352642791
166 98 4 16 6 0.024553257877357567 17 6 0.3454139344042453 16 7 0.04181278319222111 17 7 0.588220024526176
166 99 4 16 7 0.34769524373034455 17 7 0.18495802865923064 16 8 0.30506568303637416 17 8 0.1622810445740507
167 100 4 16 8 0.04377845072430756 17 8 0.06516601607609936 16 9 0.3580634418475513 17 9 0.5329920913520417
167 101 4 16 9 0.26843529655619863 17 9 0.0031952503521945575 16 10 0.7198014817128076 17 10 0.008567971378799302
168 101 4 16 10 0.10341772465185359 17 10 0.5818179365593856 16 11 0.04750513372514609 17 11 0.26725920506361467
168 102 4 16 11 0.6251877454609075 17 11 0.22273399585831796 16 12 0.11212999861323208 17 12 0.0399482600675424
169 103 4 16 12 0.20633662465319463 17 12 0.21787631107684804 16 13 0.2800620852260852 17 13 0.295724979043872
170 105 4 16 14 0.1341218824700583 17 14 0.029068327778817533 16 15 0.687752678911495 17 15 0.1490571108396291
171 106 4 16 16 0.4222109952422491 17 16 0.3172704094174736 16 17 0.1487445319444451 17 17 0.11177406339583223
172 107 4 16 17 0.10105875518945445 17 17 0.21471384388108547 16 18 0.21897773780238716 17 18 0.465249663127073
172 108 4 16 18 0.4336899602135006 17 18 0.044768718965025545 16 19 0.472741418475481 17 19 0.048799902345992824
173 108 4 16 19 0.061657182490222104 17 19 0.8304066109911501 16 20 0.007460276306753058 17 20 0.10047593021187473
173 109 4 16 19 0.03588921799731721 17 19 0.01886065559204127 16 20 0.6196231264968053 17 20 0.32562699991383637
174 110 4 16 21 0.25531499463697926 17 21 0.3757260733632115 16 22 0.14927831566228333 17 22 0.2196806163375259
175 111 4 16 22 0.03186163533909836 17 22 0.17547062707190966 16 23 0.12181264076529777 17 23 0.6708550968236943
175 112 4 16 23 0.27383916459922847 17 23 0.0961791779197658 16 24 0.46622999720231495 17 24 0.1637516602786908
176 113 4 16 25 0.46288743074464633 17 25 0.48342210618518017 16 26 0.026262696862037256 17 26 0.02742776620813615
177 114 4 16 26 0.12449974364510044 17 26 0.3981009876955584 16 27 0.11373134976671666 17 27 0.3636679188926244
177 115 4 16 27 0.5651053078612872 17 27 0.12018150358734334 16 28 0.2595206712476771 17 28 0.05519251730369228
178 116 4 16 28 0.15006911859835417 17 28 0.11150888726110822 16 29 0.42363782631574376 17 29 0.3147841678247939
179 117 4 16 30 0.270454048611252 17 30 0.5674151516590571 16 31 0.0523338621079861 17 31 0.10979693762170466
180 118 4 16 31 0.02976524226662394 17 31 0.38439515241451705 16 32 0.042103634257747685 17 32 0.5437359710611114
180 119 4 16 32 0.37971713071890223 17 32 0.19712934407021104 16 33 0.2785466315026166 17 33 0.1446068937082701
181 120 4 16 33 0.06237982221089401 17 33 0.09075784698906554 16 34 0.3449649058157651 17 34 0.5018974249842754
182 121 4 16 35 0.114101416091253 17 35 0.6153274475195316 16 36 0.0423242777405396 17 36 0.22824685864867578
182 122 4 16 36 0.662681339499605 17 36 0.22943360421916592 16 37 0.08013924002933491 17 37 0.02774581625189421
183 123 4 16 37 0.23040970318992368 17 37 0.23799643493968625 16 38 0.26149184214415644 17 38 0.27010201972623377
184 124 4 16 38 0.010771275436818498 17 38 0.033926057103616444 16 39 0.2302112357023951 17 39 0.72509143175717
163 93 4 17 0 0.20406130871908926 18 0 0.11166014011404471 17 1 0.44227206354077375 18 1 0.24200648762609234
164 94 4 17 2 0.35271458887392676 18 2 0.5392980543700394 17 3 0.04269974919107643 18 3 0.0652876075649573
164 95 4 17 2 0.05370371111494727 18 2 0.0009950122369907436 17 3 0.9281055126472104 18 3 0.017195764000851557
165 95 4 17 3 0.06766770532547911 18 3 0.4006361323293044 17 4 0.07682759854465761 18 4 0.45486856380055896
165 96 4 17 4 0.461184340608676 18 4 0.1698055771540942 17 5 0.26970584895860783 18 5 0.09930423327862184
166 97 4 17 5 0.09948895489685182 18 5 0.10779215727676479 17 6 0.38048220047557235 18 6 0.412236687350811
167 98 4 17 7 0.17947889891915958 18 7 0.6040934076652893 17 8 0.04957322225839811 18 8 0.16685447115715296
167 99 4 17 8 0.7716235691584216 18 8 0.1746348175339991 17 9 0.04382343771628339 18 9 0.009918175591295956
168 100 4 17 9 0.2949938556449221 18 9 0.22755572545833097 17 10 0.26953411703492375 18 10 0.20791630186182333
169 101 4 17 10 0.03099735068800418 18 10 0.06784342482608054 17 11 0.2826115877969745 18 11 0.6185476366889407
169 102 4 17 11 0.2353751701861906 18 11 0.02615168543588038 17 12 0.6646286539959353 18 12 0.0738444903819937
170 102 4 17 12 0.04232395857778304 18 12 0.6328080113471339 17 13 0.02036594571232188 18 13 0.3045020843627611
170 103 4 17 13 0.5438149530531328 18 13 0.29400309697975596 17 14 0.10526983693412659 18 14 0.056912113032984615
171 104 4 17 14 0.16488412029456512 18 14 0.24922512414918446 17 15 0.23328163549783454 18 15 0.35260912005841594
171 105 4 17 15 0.5678899747488291 18 15 0.008905349802907407 17 16 0.4166706667407179 18 16 0.006534008707545688
172 106 4 17 16 0.11231063982684719 18 16 0.04077587913572097 17 17 0.6213309674678404 18 17 0.22558251356959133
173 107 4 17 18 0.35208708656126436 18 18 0.37729062681212167 17 19 0.1306354865385563 18 19 0.13998680008805775
174 108 4 17 19 0.07085513455759375 18 19 0.23481377322662392 17 20 0.1609484043473604 18 20 0.5333826878684219
174 109 4 17 20 0.383207313247941 18 20 0.085147674644263 17 21 0.4349911113541677 18 21 0.09665390075362833
175 110 4 17 21 0.025326859080877024 18 21 0.019319323222159252 17 22 0.5419525313263651 18 22 0.41340128637059853
176 111 4 17 23 0.19643996968277264 18 23 0.4244974070310814 17 24 0.11992038652960249 18 24 0.25914223675654346
176 112 4 17 24 0.7074201833291823 18 24 0.07620327349265799 17 25 0.19533505858034736 18 25 0.021041484597812347
177 112 4 17 24 0.012906898434023673 18 24 0.18432167269066213 17 25 0.05253442358348498 18 25 0.7502370052918292
177 113 4 17 25 0.23460540136045058 18 25 0.1253092498722215 17 26 0.41723080635421256 18 26 0.22285454241311534
178 114 4 17 27 0.3753410014681043 18 27 0.5608648441754002 17 28 0.025576172051691805 18 28 0.038217982304803805
178 115 4 17 27 0.09763719085361967 18 27 0.0012547348978564432 17 28 0.889674868363331 18 28 0.011433205885192919
179 115 4 17 28 0.07687360241768662 18 28 0.4356234376366646 17 29 0.07312453690724302 18 29 0.4143784230384057
179 116 4 17 29 0.49720014030018234 18 29 0.17798297986214062 17 30 0.2391928847219018 18 30 0.08562399511577523
180 117 4 17 30 0.12208423908636842 18 30 0.1293900754867863 17 31 0.3633897517408487 18 31 0.3851359336859966
181 118 4 17 32 0.19415650306149473 18 32 0.6336090059224924 17 33 0.040398453570855905 18 33 0.13183603744515707
182 120 4 17 34 0.3230608468845829 18 34 0.24368193661822266 17 35 0.24696996125006296 18 35 0.18628725524713144
183 121 4 17 35 0.04564382642568525 18 35 0.0973901514879594 17 36 0.2734679475140863 18 36 0.583498074572269
183 122 4 17 36 0.2768315485231742 18 36 0.028888509498456658 17 37 0.628675111113752 18 37 0.06560483086461721
184 122 4 17 37 0.049052754268287306 18 37 0.6702724180561896 17 38 0.019139985476625074 18 38 0.261534842198898
184 123 4 17 38 0.5773536513429447 18 38 0.3046576010895112 17 39 0.07723397409912211 18 39 0.04075477346842195
164 92 4 18 0 0.12614809199218438 19 0 0.4404923910358094 18 1 0.09647647467851762 19 1 0.33688304229348864
164 93 4 18 1 0.5900393767055961 19 1 0.13928718643038385 18 2 0.21898007566225308 19 2 0.05169336120176693
165 94 4 18 2 0.17056539828796488 19 2 0.13505235925884687 18 3 0.3875350198850178 19 3 0.30684722256817043
166 95 4 18 4 0.270906012405045 19 4 0.611002939552599 18 5 0.0362753715730779 19 5 0.08181567646927802
166 96 4 18 4 0.03984906239925502 19 4 0.00474596966637532 18 5 0.8537272072760153 19 5 0.10167776065835446
167 96 4 18 5 0.025779416905719176 19 5 0.43242072946275667 18 6 0.030482932877530042 19 6 0.5113169207539942
167 97 4 18 6 0.3990170258552233 19 6 0.22186920062123933 18 7 0.24364020962518038 19 7 0.13547356389835696
168 98 4 18 7 0.07724192819251134 19 7 0.11993549269478306 18 8 0.3144962730930326 19 8 0.48832630601967303
168 99 4 18 8 0.3519943971208984 19 8 0.007869103874367704 18 9 0.6261386898617927 19 9 0.013997809142941095
169 99 4 18 9 0.10891920617705418 19 9 0.664549409121058 18 10 0.031899960913616035 19 10 0.19463142378827178
169 100 4 18 10 0.6807848500826204 19 10 0.255369845323478 18 11 0.046429202705204266 19 11 0.01741610188869728
170 101 4 18 11 0.24407542461823983 19 11 0.268370465198691 18 12 0.2322195939747179 19 12 0.2553345162083513
171 102 4 18 12 0.019999207710451584 19 12 0.06873787651732546 18 13 0.20537677668763962 19 13 0.7058861390845834
171 103 4 18 13 0.20409800087493077 19 13 0.04732516346081805 18 14 0.607672869220315 19 14 0.14090396644393627
172 104 4 18 15 0.4642251177041392 19 15 0.36348924104245633 18 16 0.0966267181962472 19 16 0.07565892305715716
173 105 4 18 16 0.12521457299466965 19 16 0.2787909801627578 18 17 0.1847182287108498 19 17 0.4112762181317228
173 106 4 18 17 0.5079414011152288 19 17 0.058750232150185384 18 18 0.3883862862874379 19 18 0.04492208044714792
174 106 4 18 18 0.057851004352442524 19 18 0.9224457432158172 18 19 0.00116276315821043 19 19 0.01854048927352988
174 107 4 18 18 0.09228235424236056 19 18 0.05070047343387088 18 19 0.5531262989654468 19 19 0.3038908733583216
175 108 4 18 20 0.28374613493903106 19 20 0.43552788714803264 18 21 0.11074348407390935 19 21 0.1699824938390269
175 109 4 18 21 0.86510099801565 19 21 0.016859104179400074 18 22 0.11578350669443774 19 22 0.002256391110512254
176 109 4 18 21 0.04243447098448349 19 21 0.25313074551341197 18 22 0.10113611383359046 19 22 0.6032986696685141
176 110 4 18 22 0.33450762334112605 19 22 0.12374367326475576 18 23 0.3954578471741025 19 23 0.14629085622001575
177 111 4 18 23 0.016547457223178016 19 23 0.017995033793521527 18 24 0.4624989790971834 19 24 0.502958529886117
178 112 4 18 25 0.13934790178732462 19 25 0.4714857836402072 18 26 0.0887795003381703 19 26 0.30038681423429786
178 113 4 18 26 0.6300490891000297 19 26 0.14347067643548853 18 27 0.18447319872261983 19 27 0.04200703574186204
179 114 4 18 27 0.19715459518042905 19 27 0.15265636476593536 18 28 0.36644865844735397 19 28 0.2837403816062817
180 115 4 18 29 0.2895775292503218 19 29 0.6365246251068748 18 30 0.02310669018259405 19 30 0.050791155460209236
180 116 4 18 29 0.07982764638902252 19 29 0.008960588076145923 18 30 0.8192514587410479 19 30 0.09196030679378366
181 116 4 18 30 0.031030418249020388 19 30 0.4713629305189942 18 31 0.030734766989029036 19 31 0.46687188424295645
181 117 4 18 31 0.43107792979781356 19 31 0.23400149907818715 18 32 0.21708214113739038 19 32 0.11783842998660887
182 118 4 18 32 0.09588231663312842 19 32 0.14548830665371862 18 33 0.30135872010720843 19 33 0.4572706566059444
182 119 4 18 33 0.39744468816081446 19 33 0.006612015234004344 18 34 0.586191234276677 19 34 0.009752062328504249
183 119 4 18 34 0.11964191457049592 19 34 0.698019903127198 18 35 0.02668008797497448 19 35 0.15565809432733163
183 120 4 18 35 0.7183174610753609 19 35 0.26203043673029747 18 36 0.014399427167264067 19 36 0.005252675027077572
184 121 4 18 36 0.2681875201089972 19 36 0.28845157210749345 18 37 0.21361033393876067 19 37 0.22975057384474867
185 122 4 18 37 0.03069078769922279 19 37 0.10223949892809964 18 38 0.2001880321536686 19 38 0.666881681219009
185 123 4 18 38 0.24159948346300114 19 38 0.0540168832723003 18 39 0.5756742220870448 19 39 0.12870941117765378
165 92 4 19 1 0.3776990651094966 20 1 0.6025465322213427 19 2 0.0076115816691807656 20 2 0.012142820999980004
165 93 4 19 1 0.13888750173335723 20 1 0.004044175705468242 19 2 0.832818030742471 20 2 0.024250291818703522
166 93 4 19 2 0.0747938769043857 20 2 0.4817429148373004 19 3 0.059597735679425154 20 3 0.38386547257888876
166 94 4 19 3 0.5184061352841074 20 3 0.20081673656556487 19 4 0.2023803629968616 20 4 0.0783967651534661
167 95 4 19 4 0.13885244491558743 20 4 0.1566616213449021 19 5 0.33101501917051085 20 5 0.3734709145689996
168 96 4 19 6 0.19088039299490203 20 6 0.6809248676764199 19 7 0.02806803689632982 20 7 0.1001267024323483
168 97 4 19 6 0.027777370742297063 20 6 0.006713970037011079 19 7 0.777565944846093 20 7 0.18794271437459892
169 98 4 19 8 0.33863266816050813 20 8 0.27214986702963234 19 9 0.2157916132330154 20 9 0.17342585157684412
170 99 4 19 9 0.05677785854691124 20 9 0.13029587105404644 19 10 0.24672738865173433 20 10 0.5661988817473079
170 100 4 19 10 0.3112513011416002 20 10 0.03850850856734371 19 11 0.5786488317542035 20 11 0.07159135853685257
171 100 4 19 11 0.04014247049370394 20 11 0.7232224535181005 19 12 0.012443742510082416 20 12 0.22419133347811304
171 101 4 19 12 0.5917290880655769 20 12 0.334321916054214 19 13 0.04725201063536771 20 13 0.02669698524484151
172 102 4 19 13 0.1949399506503136 20 13 0.3074022478803095 19 14 0.19312211385576022 20 14 0.30453568761361666
172 103 4 19 14 0.6480414282010702 20 14 0.016986850437524553 19 15 0.32641552200216173 20 15 0.00855619935924348
173 103 4 19 14 0.010784021791643304 20 14 0.06784937114981153 19 15 0.12635900851956766 20 15 0.7950075985389774
173 104 4 19 15 0.17460378862242956 20 15 0.06671568442701158 19 16 0.5489341273859359 20 16 0.20974639956462296
174 105 4 19 17 0.3864182394138596 20 17 0.43119242804641383 19 18 0.08620064239963525 20 18 0.09618869014009133
175 106 4 19 18 0.08732798275351943 20 18 0.3065738791175857 19 19 0.13437186486511252 20 19 0.4717262732637823
175 107 4 19 19 0.449775784540365 20 19 0.10681215743871243 19 20 0.3583189487754214 20 20 0.0850931092455011
176 108 4 19 20 0.07403702571663176 20 20 0.05884211067327748 19 21 0.4831386734042883 20 21 0.38398219020580254
177 109 4 19 22 0.2171881403755434 20 22 0.4919821904251982 19 23 0.08906852455051317 20 23 0.2017611446487453
177 110 4 19 23 0.7782639771184602 20 23 0.0935924337902676 19 24 0.11438757350474725 20 24 0.013756015586524938
178 110 4 19 23 0.015796764470119316 20 23 0.269664760741454 19 24 0.03954086626106714 20 24 0.6749976085273596
178 111 4 19 24 0.2875908904930466 20 24 0.16055671482649844 19 25 0.35414162593529436 20 25 0.1977107687451606
179 112 4 19 25 0.00955101242424102 20 25 0.014887787306150852 19 26 0.38126246980923656 20 26 0.5942987304603716
179 113 4 19 26 0.18285999842607648 20 26 0.004264881412301679 19 27 0.794348369504552 20 27 0.018526750657069883
180 113 4 19 27 0.08403879095062243 20 27 0.5166912031906018 19 28 0.055855657087985 20 28 0.3434143487707908
180 114 4 19 28 0.55446095192963 20 28 0.20895512231958044 19 29 0.17182838180613189 20 29 0.06475554394465763
181 115 4 19 29 0.16148674605914476 20 29 0.1782205226008974 19 30 0.3138835534817538 20 30 0.34640917785820396
182 116 4 19 31 0.20559701409127512 20 31 0.7104014489795849 19 32 0.018854251254756916 20 32 0.0651472856743831
182 117 4 19 31 0.06380105898315862 20 31 0.014883484195687633 19 32 0.7470450920600243 20 32 0.17427036476112942
183 118 4 19 33 0.36673867635420926 20 33 0.28823706123549836 19 34 0.1931884404941145 20 34 0.1518358219161779
184 119 4 19 34 0.07146335123862868 20 34 0.15980358076189616 19 35 0.23754473141482435 20 35 0.5311883365846508
184 120 4 19 35 0.3527466964326158 20 35 0.041206315675888096 19 36 0.5426562719179882 20 36 0.06339071597350798
185 120 4 19 36 0.04691028313823427 20 36 0.7606478432731156 19 37 0.011178765320352285 20 37 0.18126310826829783
185 121 4 19 37 0.6253068033094006 20 37 0.34493740320993554 19 38 0.01917713084634409 20 38 0.010578662634319747
186 122 4 19 38 0.21509715039215793 20 38 0.3314382505380105 19 39 0.17846774956871608 20 39 0.2749968495011154
