background
2D
84
-2 3 2 29 137 0.9346988095237805 30 137 0.06530119047621952
-2 6 2 31 140 0.25973161904759934 31 139 0.7402683809524007
-2 37 2 51 163 0.5810345714285603 51 162 0.4189654285714397
-2 0 4 27 134 0.22111717713888185 28 134 0.03295177524209419 27 135 0.6491866323849081 28 135 0.09674441523411577
-2 1 4 27 135 0.11294924496182525 28 135 0.38881961218105254 27 136 0.11215289789528547 28 136 0.38607824496183674
-2 2 4 28 136 0.4346172919184601 29 136 0.3148514699863265 28 137 0.1452831842719997 29 137 0.10524805382321367
-2 4 4 29 137 0.07088875180408379 30 137 0.17397981962450632 29 138 0.2186083910530458 30 138 0.5365230375183642
-2 5 4 30 138 0.31735964092356195 31 138 0.17520883526693698 30 139 0.3269358352668883 31 139 0.18049568854261278
-2 7 4 31 140 0.34963421370630987 32 140 0.6383340720079925 31 141 0.004257929150810148 32 141 0.0077737851348874554
-2 8 4 32 140 0.1670158021315323 33 140 0.06865238834467892 32 141 0.5416746740589368 33 141 0.22265713546485197
-2 9 4 32 141 0.03068846492844963 33 141 0.45267963030966335 32 142 0.03280034459534014 33 142 0.4838315601665469
-2 10 4 33 142 0.3057963449542919 34 142 0.4252716550457299 33 143 0.11249079790284694 34 143 0.15644120209713125
-2 11 4 34 143 0.75667125173281 35 143 0.22209665302911355 34 144 0.016414224457649524 35 144 0.004817870780426931
-2 12 4 34 143 0.028961566216419043 35 143 0.19750624330740624 34 144 0.09892224330738958 35 144 0.6746099471687852
-2 13 4 35 144 0.22887228840510176 36 144 0.24529542588062525 35 145 0.25380985445202753 36 145 0.27202243126224546
-2 14 4 36 145 0.6045500373465009 37 145 0.11731758170113493 36 146 0.23293043884397746 37 146 0.045201942108386683
-2 15 4 36 146 0.18642728923103558 37 146 0.783140234578502 36 147 0.005851520292763471 37 147 0.024580955897698938
-2 16 4 37 146 0.11886204405878643 38 146 0.09840538451266 37 147 0.4282150987983617 38 147 0.35451747263019184
-2 17 4 38 147 0.41934263516302583 39 147 0.045624698170322345 38 148 0.482532841027443 39 148 0.05249982563920884
-2 18 4 38 148 0.18292301492472557 39 148 0.5297442231705244 38 149 0.07375079459909235 39 149 0.21358196730565776
-2 19 4 39 149 0.5872377547724545 40 149 0.37312938808470414 39 150 0.024234388084683995 40 150 0.015398469058157263
-2 20 4 40 149 0.2010490451824125 41 149 0.007018002436647949 40 150 0.7652214310080467 41 150 0.026711521372892802
-2 21 4 40 150 0.14633255282125207 41 150 0.30943439955971724 40 151 0.17473625670255627 41 151 0.3694967909164744
-2 22 4 41 151 0.4754501348318364 42 151 0.22801672231103465 41 152 0.2004170080252926 42 152 0.09611613483183633
-2 23 4 41 152 0.029167981690364966 42 152 0.9219987802144078 41 153 0.0014974945001131384 42 153 0.047335743595114076
-2 24 4 42 152 0.07665590292063855 43 152 0.12221076374604307 42 153 0.3088079066031602 43 153 0.49232542673015817
-2 25 4 43 153 0.33057632709409795 44 153 0.11599024433449251 43 154 0.4096858157630499 44 154 0.14374761280835963
-2 26 4 43 154 0.0659973018297665 44 154 0.6282691743607257 43 155 0.02906317436073045 44 155 0.27667034944877733
-2 27 4 44 155 0.42375187474670284 45 155 0.5182145062056911 44 156 0.026106934777114812 45 156 0.03192668427049125
-2 28 4 45 155 0.15261633155919083 46 155 0.03704995415510485 45 156 0.6520408112979474 46 156 0.15829290298775686
-2 29 4 45 156 0.0697404341720026 46 156 0.3676257563042019 45 157 0.08971504201848479 46 157 0.4729187675053107
-2 30 4 46 157 0.3522978492517997 47 157 0.33276824598631366 46 158 0.16195596027200837 47 158 0.15297794448987828
-2 31 4 47 158 0.8106222910843122 48 158 0.12214370891570293 47 159 0.058429851772844994 48 159 0.008804148227139921
-2 32 4 47 158 0.0403973787171005 48 158 0.14006852604481632 47 159 0.18345309747337732 48 159 0.6360809977647058
-2 33 4 48 159 0.24775763595976324 49 159 0.1804081735640553 48 160 0.33089117356406367 49 160 0.24094301691211778
-2 34 4 49 160 0.6308849199551174 50 160 0.044980794330609926 49 161 0.3025622229020301 50 161 0.021572062812242495
-2 35 4 49 161 0.2662136116555547 50 161 0.6573520073920744 49 162 0.02203186453494197 50 162 0.0544025164174289
-2 36 4 50 161 0.11013123487057734 51 161 0.06113428893896063 50 162 0.53291257465324 51 162 0.29582190153722204
-2 38 4 51 163 0.23509318060635934 52 163 0.4315721527269821 51 164 0.11754729558412777 52 164 0.2157873710825308
-2 39 4 52 164 0.6468574555080778 53 164 0.2675077825871653 52 165 0.06058135401575833 53 165 0.0250534078889985
-2 40 4 52 164 0.010086471448166106 53 164 0.1519786714089859 52 165 0.05215067140899076 53 165 0.7857841857338572
-2 41 4 53 165 0.17088656176004038 54 165 0.23887848585902047 53 166 0.24614891443046558 54 166 0.3440860379504736
-1 0 4 27 134 0.1061172731956167 28 134 0.7931533458520387 27 135 0.01188644109007508 28 135 0.08884293986226954
-1 1 4 28 134 0.06948796459679743 29 134 0.07748255921275968 28 135 0.40331408302221505 29 135 0.44971539316822784
-1 2 4 29 135 0.3266293970363711 30 135 0.06804103153508771 29 136 0.5009709839159904 30 136 0.10435858751255074
-1 3 4 29 136 0.11716752289527138 30 136 0.5252028104380964 29 137 0.06523119139041084 30 137 0.2923984752762215
-1 4 4 30 137 0.478143104078347 31 137 0.41192713401692244 30 138 0.05905394354068433 31 138 0.050875818364046255
-1 5 4 31 137 0.12289033106174867 32 137 0.014879811795429583 31 138 0.7691050498906034 32 138 0.09312480725221843
-1 6 4 31 138 0.09513158479779882 32 138 0.2903384628212812 31 139 0.15166212948790225 32 139 0.46286782289301776
-1 7 4 32 139 0.3809100081437133 33 139 0.25225994423726844 32 140 0.22068203947530846 33 140 0.14614800814370982
-1 8 4 33 140 0.8424554582423496 34 140 0.038414398900540984 33 141 0.11393492271002124 34 141 0.005195220147088183
-1 9 4 33 140 0.040009458903169794 34 140 0.0885603030016225 33 141 0.2711792553825217 34 141 0.600250982712686
-1 10 4 34 141 0.25059072441195684 35 141 0.12567894225474432 34 142 0.41539632320708375 35 142 0.20833401012621508
-1 11 4 34 142 0.012969445244825104 35 142 0.6110001261837777 34 143 0.007815935707536161 35 143 0.368214492863861
-1 12 4 35 143 0.32738485949710927 36 143 0.5442846166933953 35 144 0.048198854788601066 36 144 0.08013166902089432
-1 13 4 36 143 0.0871852528830347 37 143 0.03218412806937164 36 144 0.6431967947359963 37 144 0.23743382431159735
-1 14 4 36 144 0.03126710159306343 37 144 0.33580218412125173 36 145 0.05391327935931669 37 145 0.5790174349263681
-1 15 4 37 145 0.270485358008187 38 145 0.3442838324680299 37 146 0.16949335627751377 38 146 0.2157374532462693
-1 16 4 38 146 0.6854706411760307 39 146 0.17699845406209502 38 147 0.10930640644301913 39 147 0.028224498318855103
-1 17 4 38 146 0.016478570144145825 39 146 0.09369042985588168 38 147 0.13309681080822472 39 147 0.7567341891917477
-1 18 4 39 147 0.18049966872212653 40 147 0.1773692360398027 39 148 0.3238740455635647 40 148 0.3182570496745061
-1 19 4 40 148 0.5202877940528206 41 148 0.08528101547101752 40 149 0.33888425356621976 41 149 0.055546936909942175
-1 20 4 40 149 0.18257423185045102 41 149 0.6706944824352888 40 150 0.03139614910190998 41 150 0.11533513661235022
-1 21 4 41 149 0.05742779163893478 42 149 0.043540827408713866 41 150 0.5113409226467753 42 150 0.3876904583055761
-1 22 4 42 150 0.3220187591324722 43 150 0.02664976467707821 42 151 0.6015482884865586 43 151 0.04978318770389104
-1 23 4 42 151 0.16600832480726438 43 151 0.4303601037641877 42 152 0.11235705614511544 43 152 0.29127451528343246
-1 24 4 43 152 0.5344334410443156 44 152 0.3096348922890454 43 153 0.09873027324141337 44 153 0.05720139342522568
-1 25 4 44 152 0.09066353641499522 45 152 0.0011047016802745763 44 153 0.8972985112040543 45 153 0.010933250700675825
-1 26 4 44 153 0.11635622996691776 45 153 0.22311191289025376 44 154 0.2264041509854525 45 154 0.43412770615737595
-1 27 4 45 154 0.40958418836681676 46 154 0.17758385925225648 45 155 0.2879745259189026 46 155 0.12485742646202416
-1 28 4 45 155 0.04371122113842115 46 155 0.7911567312425538 45 156 0.008645826480618879 46 156 0.15648622113840613
-1 29 4 46 155 0.03361794732943331 47 155 0.04894990981345053 46 156 0.37353743362295583 47 156 0.5438947092341604
-1 30 4 47 156 0.2516487478921852 48 156 0.07861901401260744 47 157 0.5103049663935245 48 157 0.15942727170168275
-1 31 4 47 157 0.06747890854094626 48 157 0.5104887581257481 47 158 0.04927313907811263 48 158 0.37275919425519294
-1 32 4 48 158 0.38934385784718056 49 158 0.4363237135814156 48 159 0.08220652310519898 49 159 0.09212590546620487
-1 33 4 49 158 0.06062711962040673 50 158 0.01274035657009115 49 159 0.7657215946653219 50 159 0.1609109291441802
-1 34 4 49 159 0.058160408146309066 50 159 0.26290697280609765 49 160 0.12298663947274024 50 160 0.555945979574853
-1 35 4 50 160 0.3048281996154167 51 160 0.2639390860988918 50 161 0.23111718133698173 51 161 0.20011553294870982
-1 36 4 51 161 0.7272630178372115 52 161 0.08920417263900582 51 162 0.1634806964485076 52 162 0.020052113075275102
-1 37 4 51 161 0.015755719954535504 52 161 0.048411375283583524 51 162 0.22978632766453266 52 162 0.7060465770973483
-1 38 4 52 162 0.18722635358649112 53 162 0.12464064641352965 52 163 0.4131140273658977 53 163 0.27501897263408154
-1 39 4 53 163 0.5344640139711526 54 163 0.025102890790769876 53 164 0.4206747003145853 54 164 0.01975839492349219
-1 40 4 53 164 0.2502018915846732 54 164 0.5570649179391581 53 165 0.05973515603438538 54 165 0.1329980344417833
-1 41 4 54 164 0.036538319760433646 55 164 0.01842839452530653 54 165 0.628197061191974 55 165 0.31683622452228577
