fracture_grid_00001
2D
197
205 420 1 10 5 1.0
195 418 2 1 0 0.892530553251453 2 0 0.107469446748547
197 418 2 3 0 0.374248488342311 3 1 0.625751511657689
199 423 2 4 6 0.36661047920312223 3 6 0.6333895207968778
200 424 2 4 7 0.7408589675454248 4 8 0.2591410324545752
210 416 2 16 2 0.2591410324545468 16 3 0.7408589675454532
211 417 2 17 4 0.6333895207968636 16 4 0.36661047920313644
213 422 2 17 9 0.625751511657689 17 10 0.374248488342311
215 422 2 19 10 0.8925305532514246 18 10 0.10746944674857542
195 419 4 0 0 0.00830898577328734 1 0 0.03291695674929959 0 1 0.19323851720338808 1 1 0.7655355402740249
195 420 4 0 1 0.046037340015063155 1 1 0.044132157237306416 0 2 0.4645271126868547 1 2 0.44530339006077574
195 421 4 0 2 0.11401447023947922 1 2 0.02509858174270141 0 3 0.7055669321876895 1 3 0.1553200158301299
196 422 4 0 4 0.15606637692651298 1 4 0.7229732800602847 0 5 0.021475529955689205 1 5 0.09948481305751312
196 423 4 0 5 0.45151845044373135 1 5 0.476464761272849 0 6 0.035040406163721706 1 6 0.03697638211969798
196 424 4 0 6 0.7772192999435529 1 6 0.19970746650283844 0 7 0.018356506389114142 1 7 0.0047167271644944974
197 425 4 0 7 0.11006302202834499 1 7 0.6067903494226065 0 8 0.0434732887594124 1 8 0.239673339789636
197 426 4 0 8 0.35422186509575126 1 8 0.4115750610850114 0 9 0.10833139541725702 1 9 0.12587167840198038
197 427 4 0 9 0.6286294841457616 1 9 0.18611099676481202 0 10 0.14294072609246064 1 10 0.04231879299696571
196 419 4 1 1 0.18341180506799218 2 1 0.5487971877293724 1 2 0.0670792526384659 2 2 0.2007117545641696
196 420 4 1 2 0.437061105367133 2 2 0.34409144216001414 1 3 0.1224469020645959 2 3 0.09640055040825697
196 421 4 1 3 0.7209591816489005 2 3 0.10913692060805767 1 4 0.14756577550807926 2 4 0.02233812223496255
197 422 4 1 4 0.12910185598346094 2 4 0.44092085127808583 1 5 0.09738360562855233 2 5 0.33259368710990084
197 423 4 1 5 0.3314579258327821 2 5 0.2875083361585474 1 6 0.20404448550450208 2 6 0.17698925250416853
197 424 4 1 6 0.5640627716647135 2 6 0.10384704505642708 1 7 0.2804565893977931 2 7 0.05163359388106637
198 425 4 1 7 0.08257866382417633 2 7 0.32525775790153283 1 8 0.1199012016933637 2 8 0.4722623765809272
198 426 4 1 8 0.2336415032236572 2 8 0.22313847323183458 1 9 0.2778553120191252 2 9 0.26536471152538293
198 427 4 1 9 0.41495311860579775 2 9 0.09077041257952498 1 10 0.4055606463622355 2 10 0.08871582245244171
196 418 4 2 0 0.6432767188190581 3 0 0.03998871924849536 2 1 0.29819738916217753 3 1 0.018537172770269
197 419 4 2 1 0.1267183454034173 3 1 0.2964736976686764 2 2 0.17271626703288023 3 2 0.4040916898950261
197 420 4 2 2 0.28727164203464145 3 2 0.18486395576726328 2 3 0.3211799201268985 3 3 0.20668448207119677
197 421 4 2 3 0.47807371464849563 3 3 0.04300543788321172 2 4 0.43939479723829516 3 4 0.03952605022999746
198 422 4 2 4 0.0718885590577692 3 4 0.1891171984785068 2 5 0.20354045728405512 3 5 0.5354537851796689
198 423 4 2 5 0.18114862523916733 3 5 0.12880068702691966 2 6 0.4032973408278709 3 6 0.28675334690604204
198 424 4 2 6 0.32065746740320933 3 6 0.038235399592688755 2 7 0.5728054483890799 3 7 0.06830168461502208
199 425 4 2 7 0.02484552963739971 3 7 0.07397394236308699 2 8 0.22657789060995137 3 8 0.6746026373895619
199 426 4 2 8 0.08281236536898237 3 8 0.06495066136128697 2 9 0.47762800460361116 3 9 0.37460896866611954
199 427 4 2 9 0.1710279770832263 3 9 0.025678604376882512 2 10 0.6984293426145897 3 10 0.10486407592530154
198 418 4 3 0 0.0025675927755078147 4 0 0.06266394584155235 3 1 0.03679362466534993 4 1 0.8979748367175898
198 419 4 3 1 0.03977610975619083 4 1 0.07439898359065196 3 2 0.30860205740990354 4 2 0.5772228492432536
198 420 4 3 2 0.1072334027195087 4 2 0.055885245357145154 3 3 0.5501617141718281 4 3 0.286719637751518
198 421 4 3 3 0.20493947166545867 4 3 0.007122731141006233 3 4 0.7614725949511147 4 4 0.02646520224242031
199 421 4 3 4 0.01386682096497837 4 4 0.8891784321162641 3 5 0.0014888003814203595 4 5 0.09546594653733716
199 422 4 3 5 0.3087990572210924 4 5 0.6431897505899611 3 6 0.015573513850542982 4 6 0.032437678338403476
199 424 4 3 6 0.047003387159110406 4 6 0.0028725301115652396 3 7 0.895403083363004 4 7 0.05472099936632032
200 425 4 3 8 0.2372305944451453 4 8 0.5525719278300906 3 9 0.06313638053201683 4 9 0.14706109719274732
200 426 4 3 9 0.5111183762340514 4 9 0.32762770077096703 3 10 0.09826554846833886 4 10 0.06298837452664265
199 418 4 4 1 0.0667773569842297 5 1 0.689437231907608 4 2 0.0215274151864391 5 2 0.22225799592172316
199 419 4 4 2 0.319906820022253 5 2 0.4852513235993674 4 3 0.0774149018736525 5 3 0.11742695450472712
199 420 4 4 3 0.6032850590429286 5 3 0.2508166393085029 4 4 0.10305361257823353 5 4 0.04284468907033504
200 421 4 4 4 0.038195530471730625 5 4 0.555832772884261 4 5 0.026103645604464952 5 5 0.3798680510395434
200 422 4 4 5 0.24003176305994015 5 5 0.4029400950258626 4 6 0.13328436274149205 5 6 0.22374377917270524
200 423 4 4 6 0.4721167716307963 5 6 0.21979864118481746 4 7 0.21021630389589258 5 7 0.09786828328849366
201 424 4 4 7 0.017400460884512022 5 7 0.41444155693567036 4 8 0.022893119097224534 5 8 0.545264863082593
201 425 4 4 8 0.16794346302289867 5 8 0.31284210952706637 4 9 0.1813670666840745 5 9 0.33784736076596045
201 426 4 4 9 0.34873524114391674 5 9 0.18099388613585085 4 10 0.30959223828829885 5 10 0.1606786344319335
199 417 4 5 0 0.5511677040908547 6 0 0.15610333007117208 5 1 0.22812011835457752 6 1 0.06460884748339579
200 418 4 5 1 0.06137712776944946 6 1 0.3858205113971175 5 2 0.0758711991310162 6 2 0.47693116170241695
200 419 4 5 2 0.22141058713957332 6 2 0.27473060675680466 5 3 0.22485468948612897 6 3 0.279004116617493
200 420 4 5 3 0.4116928224923344 6 3 0.1333919261338461 5 4 0.34358940385862446 6 4 0.11132584751519496
201 421 4 5 4 0.032275463995859274 6 4 0.2527358896348615 5 5 0.08096726681014735 6 5 0.6340213795591318
201 422 4 5 5 0.1410156929161708 6 5 0.19293921544438944 5 6 0.2812439876150725 6 6 0.3848011040243673
201 423 4 5 6 0.2800046978191196 6 6 0.10289376527125178 5 7 0.45127193243738034 6 7 0.16582960447224832
202 424 4 5 7 0.010960557147543203 6 7 0.11186451094741674 5 8 0.07827657756399019 6 8 0.7988983543410498
202 425 4 5 8 0.06840755561803273 6 8 0.10336106720670982 5 9 0.32984652881873733 6 9 0.49838484835652
202 426 4 5 9 0.15610333007115887 6 9 0.06460884748339477 5 10 0.5511677040908537 6 10 0.22812011835459275
200 417 4 6 0 0.32984652881873777 7 0 0.0684075556180465 6 1 0.49838484835649116 7 1 0.10336106720672447
201 418 4 6 1 0.025728122572049504 7 1 0.11245256686926654 6 2 0.1604637590582414 7 2 0.7013555515004426
201 419 4 6 2 0.09266557827427023 7 2 0.09445866589685684 6 3 0.4025432530812573 7 3 0.41033250274761557
201 420 4 6 3 0.18985180995912512 7 3 0.04621598894181304 6 4 0.6143739711216449 7 4 0.149558229977417
202 421 4 6 5 0.1582929070731773 7 5 0.817701496832321 6 6 0.003893378462640355 7 6 0.020112217631861298
202 422 4 6 5 0.01175084678977753 7 5 0.013187111845560293 6 6 0.4594523884712768 7 6 0.5156096528933853
202 423 4 6 6 0.057643848024824015 7 6 0.016237665340324864 6 7 0.7225763369614727 7 7 0.2035421496733784
203 424 4 6 8 0.11245256686930123 7 8 0.701355551500408 6 9 0.025728122572057442 7 9 0.16046375905823346
203 425 4 6 9 0.3858205113971229 7 9 0.4769311617023689 6 10 0.06137712776947242 7 10 0.07587119913103586
201 417 4 7 0 0.07827657756399146 8 0 0.010960557147541935 7 1 0.7988983543410628 8 1 0.1118645109474038
202 418 4 7 2 0.1949657777521059 8 2 0.6341979619639877 7 3 0.04016965860798186 8 3 0.13066660167592453
202 419 4 7 3 0.47782417951167255 8 3 0.400283114934232 7 4 0.06632820657365755 8 4 0.05556449898043778
202 420 4 7 4 0.7909313572538805 8 4 0.13611949192183517 7 5 0.062237978556700525 8 5 0.01071117226758376
203 421 4 7 5 0.14081884336185138 8 5 0.5261586108183962 7 6 0.07031099690377737 8 6 0.2627115489159751
203 422 4 7 6 0.3723840146716076 8 6 0.34353699423847933 7 7 0.14776277531926355 8 7 0.13631621577064948
203 423 4 7 7 0.6341979619639977 8 7 0.13066660167590038 7 8 0.19496577775212437 8 8 0.0401696586079776
204 424 4 7 8 0.09445866589687384 8 8 0.41033250274761274 7 9 0.09266557827428165 8 9 0.40254325308123173
204 425 4 7 9 0.27473060675679845 8 9 0.2790041166174709 7 10 0.22141058713959375 8 10 0.22485468948613696
202 416 4 8 0 0.4512719324373524 9 0 0.2800046978191191 8 1 0.16582960447226203 9 1 0.10289376527126648
202 417 4 8 1 0.7225763369614858 9 1 0.05764384802482506 8 2 0.2035421496733652 9 2 0.016237665340323816
203 418 4 8 2 0.14776277531925547 9 2 0.3723840146715872 8 3 0.13631621577065756 9 3 0.3435369942384997
203 419 4 8 3 0.3375251734109092 9 3 0.2315651713097446 8 4 0.25557076740423207 9 4 0.17533888787511417
203 420 4 8 4 0.5575363474852089 9 4 0.060497551965255955 8 5 0.3445765430551832 9 5 0.03738955749435195
204 421 4 8 5 0.0930960036679008 9 5 0.26486450078713264 8 6 0.166977391327539 9 6 0.47506210421742756
204 422 4 8 6 0.23156517130975846 9 6 0.17533888787511454 8 7 0.33752517341090954 9 7 0.2555707674042175
204 423 4 8 7 0.400283114934251 9 7 0.05556449898043304 8 8 0.4778241795116678 9 8 0.06632820657364809
205 424 4 8 8 0.04621598894181524 9 8 0.1495582299774006 8 9 0.18985180995915135 9 9 0.614373971121633
205 425 4 8 9 0.13339192613384182 9 9 0.11132584751518503 8 10 0.41169282249235284 9 10 0.3435894038586202
203 416 4 9 0 0.28124398761506303 10 0 0.14101569291616606 9 1 0.3848011040243768 10 1 0.19293921544439419
203 417 4 9 1 0.4594523884712696 10 1 0.01175084678977048 9 2 0.5156096528934067 10 2 0.013187111845553132
204 417 4 9 1 0.0038933784626357455 10 1 0.15829290707318192 9 2 0.020112217631837487 10 2 0.8177014968323447
204 418 4 9 2 0.07031099690376838 10 2 0.1408188433618604 9 3 0.2627115489159415 10 3 0.5261586108184299
204 419 4 9 3 0.1669773913275353 10 3 0.0930960036679045 9 4 0.475062104217417 10 4 0.2648645007871432
204 420 4 9 4 0.2938925617339111 10 4 0.015124387991311305 9 5 0.6571638835362921 10 5 0.03381916673848554
205 421 4 9 5 0.015124387991307608 10 5 0.03381916673847503 9 6 0.293892561733929 10 6 0.6571638835362883
205 422 4 9 6 0.060497551965266134 10 6 0.037389557494355984 9 7 0.557536347485213 10 7 0.344576543055165
205 423 4 9 7 0.13611949192185044 10 7 0.010711172267582711 9 8 0.7909313572538794 10 8 0.06223797855668736
206 424 4 9 9 0.2527358896349038 10 9 0.634021379559061 9 10 0.03227546399587381 10 10 0.08096726681016124
204 416 4 10 0 0.08096726681014253 11 0 0.032275463995864104 10 1 0.634021379559094 11 1 0.2527358896348993
205 417 4 10 2 0.06223797855669949 11 2 0.7909313572538673 10 3 0.010711172267584798 11 3 0.13611949192184836
205 418 4 10 3 0.344576543055165 11 3 0.557536347485213 10 4 0.037389557494355984 11 4 0.060497551965266134
205 419 4 10 4 0.6571638835362552 11 4 0.29389256173393374 10 5 0.03381916673849397 11 5 0.015124387991317087
206 420 4 10 5 0.0338191667385024 11 5 0.6571638835362184 10 6 0.015124387991322869 11 6 0.2938925617339564
206 421 4 10 6 0.2648645007871435 11 6 0.47506210421738826 10 7 0.09309600366791837 11 7 0.16697739132754985
206 422 4 10 7 0.5261586108184299 11 7 0.2627115489159415 10 8 0.1408188433618604 11 8 0.07031099690376838
206 423 4 10 8 0.8177014968323567 11 8 0.02011221763182558 10 9 0.15829290707318422 11 9 0.0038933784626334405
207 423 4 10 8 0.013187111845568162 11 8 0.5156096528933917 10 9 0.011750846789783873 11 9 0.45945238847125625
207 424 4 10 9 0.19293921544440112 11 9 0.3848011040243414 10 10 0.14101569291618754 11 10 0.28124398761506997
205 415 4 11 0 0.34358940385859654 12 0 0.4116928224923481 11 1 0.11132584751519448 12 1 0.1333919261338608
205 416 4 11 1 0.6143739711216226 12 1 0.1898518099591332 11 2 0.14955822997742507 12 2 0.04621598894181917
206 417 4 11 2 0.06632820657365582 12 2 0.47782417951166006 11 3 0.05556449898043952 12 3 0.4002831149342445
206 418 4 11 3 0.2555707674042175 12 3 0.33752517341090954 11 4 0.17533888787511454 12 4 0.23156517130975846
206 419 4 11 4 0.4750621042174156 12 4 0.16697739132752248 11 5 0.2648645007871588 12 5 0.09309600366790312
207 420 4 11 5 0.037389557494354596 12 5 0.3445765430551522 11 6 0.06049755196526752 12 6 0.5575363474852257
207 421 4 11 6 0.17533888787510263 12 6 0.2555707674042152 11 7 0.23156517130975615 12 7 0.3375251734109261
207 422 4 11 7 0.3435369942385065 12 7 0.13631621577065073 11 8 0.37238401467159465 12 8 0.14776277531924809
208 423 4 11 8 0.01623766534032694 12 8 0.2035421496733621 11 9 0.05764384802483615 12 9 0.7225763369614748
208 424 4 11 9 0.10289376527125942 12 9 0.16582960447224065 11 10 0.28000469781914034 12 10 0.4512719324373596
206 415 4 12 0 0.22485468948612264 13 0 0.22141058713957965 12 1 0.2790041166174852 13 1 0.27473060675681255
206 416 4 12 1 0.40254325308121564 13 1 0.09266557827426929 12 2 0.41033250274764305 13 2 0.09445866589687199
207 417 4 12 2 0.04016965860798095 13 2 0.19496577775212104 12 3 0.13066660167591124 13 3 0.6341979619639868
207 418 4 12 3 0.13631621577064948 13 3 0.14776277531926355 12 4 0.34353699423847933 13 4 0.3723840146716076
207 419 4 12 4 0.2627115489159303 13 4 0.07031099690376537 12 5 0.5261586108184411 13 5 0.1408188433618634
208 420 4 12 5 0.010711172267580624 13 5 0.06223797855667524 12 6 0.13611949192185252 13 6 0.7909313572538916
208 421 4 12 6 0.05556449898042483 13 6 0.06632820657364209 12 7 0.400283114934245 13 7 0.47782417951168804
208 422 4 12 7 0.13066660167592453 13 7 0.04016965860798186 12 8 0.6341979619639877 13 8 0.1949657777521059
209 423 4 12 9 0.11186451094741325 13 9 0.798898354341025 12 10 0.010960557147546693 13 10 0.07827657756401513
207 415 4 13 0 0.07587119913102015 14 0 0.061377127769459715 13 1 0.4769311617023846 14 1 0.38582051139713563
207 416 4 13 1 0.1604637590582116 14 1 0.025728122572050868 13 2 0.7013555515004439 14 2 0.11245256686929359
208 417 4 13 3 0.20354214967339154 14 3 0.7225763369614595 13 4 0.016237665340325915 14 4 0.05764384802482297
208 418 4 13 4 0.5156096528933853 14 4 0.4594523884712768 13 5 0.013187111845560293 14 5 0.01175084678977753
208 419 4 13 4 0.020112217631813673 14 4 0.003893378462631136 13 5 0.8177014968323686 14 5 0.15829290707318655
209 420 4 13 6 0.14955822997741672 14 6 0.6143739711215884 13 7 0.04621598894182752 14 7 0.18985180995916748
209 421 4 13 7 0.41033250274758687 14 7 0.4025432530812292 13 8 0.09445866589688554 14 8 0.09266557827429839
209 422 4 13 8 0.7013555515004195 14 8 0.16046375905823612 13 9 0.11245256686928966 14 9 0.025728122572054795
210 423 4 13 9 0.10336106720672447 14 9 0.49838484835649116 13 10 0.0684075556180465 14 10 0.32984652881873777
208 414 4 14 0 0.22812011835458443 15 0 0.5511677040908336 14 1 0.06460884748340309 15 1 0.156103330071179
208 415 4 14 1 0.49838484835650293 15 1 0.329846528818726 14 2 0.10336106720672691 15 2 0.06840755561804406
208 416 4 14 2 0.7988983543410364 15 2 0.07827657756397519 14 3 0.11186451094744437 15 3 0.010960557147543994
209 417 4 14 3 0.16582960447224943 15 3 0.4512719324373508 14 4 0.10289376527126486 15 4 0.2800046978191349
209 418 4 14 4 0.38480110402435086 15 4 0.28124398761506053 14 5 0.19293921544440587 15 5 0.1410156929161828
209 419 4 14 5 0.6340213795590561 15 5 0.0809672668101377 14 6 0.2527358896349371 15 6 0.03227546399586893
210 420 4 14 6 0.11132584751518801 15 6 0.343589403858603 14 7 0.13339192613385303 15 7 0.41169282249235584
210 421 4 14 7 0.27900411661747015 15 7 0.22485468948612344 14 8 0.2747306067568134 15 8 0.22141058713959305
210 422 4 14 8 0.4769311617024091 15 8 0.07587119913102405 14 9 0.3858205113971111 15 9 0.06137712776945581
211 423 4 14 9 0.06460884748339996 15 9 0.22812011835457335 14 10 0.15610333007118213 15 10 0.5511677040908446
209 414 4 15 0 0.16067863443191407 16 0 0.30959223828826143 15 1 0.18099388613587028 16 1 0.34873524114395416
209 415 4 15 1 0.3378473607659235 16 1 0.18136706668405467 15 2 0.31284210952710334 16 2 0.16794346302291852
209 416 4 15 2 0.5452648630825466 16 2 0.02289311909721417 15 3 0.41444155693573104 16 3 0.017400460884508175
210 417 4 15 3 0.09786828328849366 16 3 0.21021630389589258 15 4 0.21979864118481746 16 4 0.4721167716307963
210 418 4 15 4 0.22374377917268237 16 4 0.13328436274148653 15 5 0.4029400950258713 16 5 0.24003176305995988
210 419 4 15 5 0.37986805103951105 16 5 0.026103645604468893 15 6 0.5558327728842791 16 6 0.038195530471740895
211 420 4 15 6 0.04284468907032877 16 6 0.10305361257821138 15 7 0.2508166393085234 16 7 0.6032850590429366
211 421 4 15 7 0.11742695450470998 16 7 0.07741490187364122 15 8 0.4852513235993845 16 8 0.3199068200222643
211 422 4 15 8 0.22225799592172316 16 8 0.0215274151864391 15 9 0.689437231907608 16 9 0.0667773569842297
210 414 4 16 0 0.06298837452662925 17 0 0.09826554846832383 16 1 0.3276277007709662 17 1 0.5111183762340807
210 415 4 16 1 0.14706109719272445 17 1 0.06313638053201129 16 2 0.5525719278300992 17 2 0.23723059444516506
211 416 4 16 3 0.054720999366332186 17 3 0.8954030833629638 16 4 0.0028725301115675853 17 4 0.04700338715913648
211 418 4 16 4 0.032437678338384276 17 4 0.015573513850533762 16 5 0.6431897505899803 17 5 0.3087990572211016
211 419 4 16 5 0.09546594653730918 17 5 0.001488800381419923 16 6 0.8891784321162921 17 6 0.013866820964978807
212 419 4 16 6 0.026465202242418398 17 6 0.7614725949510598 16 7 0.007122731141008142 17 7 0.20493947166551363
212 420 4 16 7 0.28671963775151044 17 7 0.5501617141717788 16 8 0.05588524535716695 17 8 0.10723340271954374
212 421 4 16 8 0.5772228492432165 17 8 0.3086020574098837 16 9 0.07439898359068901 17 9 0.03977610975621063
212 422 4 16 9 0.8979748367175625 17 9 0.036793624665348815 16 10 0.06266394584157967 17 10 0.0025675927755089336
211 413 4 17 0 0.10486407592529012 18 0 0.6984293426146011 17 1 0.025678604376879716 18 1 0.17102797708322912
211 414 4 17 1 0.37460896866610705 18 1 0.4776280046035952 17 2 0.06495066136129946 18 2 0.0828123653689983
211 415 4 17 2 0.6746026373895406 18 2 0.22657789060994424 17 3 0.07397394236310827 18 3 0.024845529637406858
212 416 4 17 3 0.06830168461501601 18 3 0.5728054483890291 17 4 0.038235399592694806 18 4 0.3206574674032601
212 417 4 17 4 0.2867533469060204 18 4 0.4032973408278641 17 5 0.12880068702692707 18 5 0.18114862523918834
212 418 4 17 5 0.5354537851796383 18 5 0.20354045728402897 17 6 0.18911719847855168 18 6 0.07188855905778113
213 419 4 17 6 0.03952605023000192 18 6 0.4393947972382623 17 7 0.04300543788322147 18 7 0.4780737146485143
213 420 4 17 7 0.20668448207119317 18 7 0.3211799201268737 17 8 0.1848639557672811 18 8 0.28727164203465205
213 421 4 17 8 0.40409168989501437 18 8 0.17271626703286352 17 9 0.2964736976687023 18 9 0.1267183454034198
214 422 4 17 9 0.0185371727702645 18 9 0.298197389162182 17 10 0.039988719248485655 18 10 0.6432767188190678
212 413 4 18 0 0.08871582245245066 19 0 0.40556064636219813 18 1 0.09077041257954446 19 1 0.41495311860580675
212 414 4 18 1 0.2653647115253629 19 1 0.2778553120190884 18 2 0.22313847323186883 19 2 0.2336415032236798
212 415 4 18 2 0.4722623765808818 19 2 0.1199012016933522 18 3 0.3252577579015782 19 3 0.08257866382418784
213 416 4 18 3 0.051633593881071395 19 3 0.2804565893977597 18 4 0.10384704505645048 19 4 0.5640627716647185
213 417 4 18 4 0.17698925250417155 19 4 0.2040444855044706 18 5 0.28750833615858695 19 5 0.3314579258327709
213 418 4 18 5 0.33259368710990084 19 5 0.09738360562855233 18 6 0.44092085127808583 19 6 0.12910185598346094
214 419 4 18 6 0.02233812223496123 19 6 0.14756577550805217 18 7 0.1091369206080732 19 7 0.7209591816489134
214 420 4 18 7 0.09640055040824756 19 7 0.12244690206457688 18 8 0.34409144216003773 19 8 0.4370611053671378
214 421 4 18 8 0.20071175456414067 19 8 0.06707925263846638 18 9 0.5487971877293728 19 9 0.1834118050680201
213 413 4 19 0 0.04231879299696834 20 0 0.142940726092458 19 1 0.1861109967648236 20 1 0.62862948414575
213 414 4 19 1 0.12587167840197508 20 1 0.10833139541723388 19 2 0.4115750610850593 20 2 0.3542218650957318
213 415 4 19 2 0.23967333978962002 20 2 0.043473288759399986 19 3 0.606790349422651 20 3 0.11006302202832897
214 416 4 19 3 0.004716727164488359 20 3 0.018356506389091858 19 4 0.19970746650283036 20 4 0.7772192999435893
214 417 4 19 4 0.03697638211968442 20 4 0.03504040616370686 19 5 0.47646476127287674 20 5 0.451518450443732
214 418 4 19 5 0.09948481305751312 20 5 0.021475529955689205 19 6 0.7229732800602847 20 6 0.15606637692651298
215 419 4 19 7 0.15532001583013186 20 7 0.7055669321876307 19 8 0.025098581742713642 20 8 0.11401447023952384
215 420 4 19 8 0.44530339006076086 20 8 0.46452711268681274 19 9 0.04413215723733552 20 9 0.0460373400150909
215 421 4 19 9 0.7655355402739932 20 9 0.193238517203363 19 10 0.03291695674934556 20 10 0.008308985773298212
