fracture_grid_00000
2D
350
257 133 2 10 3 0.16188930065952806 10 4 0.8381106993404719
258 133 2 11 3 0.2664177751726599 11 4 0.73358222482734
259 133 2 12 3 0.3709462496857917 12 4 0.6290537503142083
260 133 2 13 3 0.47547472419892356 13 4 0.5245252758010764
265 132 2 18 2 0.8586969685351035 17 2 0.1413030314648965
265 133 2 18 3 0.9632254430482353 17 3 0.036774556951764674
265 134 2 19 4 0.06775391756136716 18 4 0.9322460824386328
265 135 2 19 5 0.172282392074499 18 5 0.827717607925501
276 134 2 29 2 0.15340844861312647 29 3 0.8465915513868736
277 134 2 30 2 0.2579369231262583 30 3 0.7420630768737417
278 134 2 31 2 0.3624653976393901 31 3 0.6375346023606099
279 134 2 32 2 0.46699387215252197 32 3 0.533006127847478
248 129 4 0 0 0.07207004986857009 1 0 0.12715045135661246 0 1 0.28969015766703893 1 1 0.5110893411077786
248 130 4 0 1 0.052654984224330285 1 1 0.15204364920489244 0 2 0.20457674879813978 1 2 0.5907246177726375
248 131 4 0 2 0.03209467697515274 1 2 0.17808208865811018 0 3 0.12060858153418548 1 3 0.6692146528325517
248 132 4 0 3 0.010389128121035346 1 3 0.20526576971625354 0 4 0.03778565587517103 1 4 0.7465594462875401
247 133 4 0 4 0.10939468332233324 1 4 0.007209872205878192 0 5 0.828773493956694 1 5 0.05462195051509455
247 134 4 0 5 0.10177297551397498 1 5 0.020309712218276616 0 6 0.7318667272519133 1 6 0.14605058501583507
247 135 4 0 6 0.09300602610067842 1 6 0.03455479383561338 0 7 0.6361052021520781 1 7 0.23633397791163016
247 136 4 0 7 0.08309383508244267 1 7 0.049945117057889295 0 8 0.5414889186571821 1 8 0.3254721292024861
247 137 4 0 8 0.07203640245926778 1 8 0.06648068188510439 0 9 0.44801787676722504 1 9 0.41346503888840286
247 138 4 0 9 0.05983372823115588 1 9 0.08416148831726354 0 10 0.35569207648219975 1 10 0.5003127069693808
249 129 4 1 0 0.1115482695477554 2 0 0.19220070619055896 1 1 0.25569007019188666 2 1 0.4405609540697989
249 130 4 1 1 0.08123701185191731 2 1 0.22799009609043724 1 2 0.18147285337458585 2 2 0.5093000386830596
249 131 4 1 2 0.0497805125511422 2 2 0.2649247275952525 1 3 0.10840087816222907 2 3 0.5768938816913761
249 132 4 1 3 0.01717877164542719 2 3 0.3030046007049935 1 4 0.036474144554812266 2 4 0.643342483094767
248 133 4 1 4 0.20867136770332342 2 4 0.01246166233801984 1 5 0.7349749417797511 2 5 0.043892028178905626
248 134 4 1 5 0.19015346784336695 2 5 0.03645769440201648 1 6 0.6489643671265686 2 6 0.12442447062804793
248 135 4 1 6 0.17049032637847292 2 6 0.06159896807095072 1 7 0.5640990340783308 2 7 0.20381167147224555
248 136 4 1 7 0.1496819433086397 2 7 0.0878854833448241 1 8 0.4803789426350323 2 8 0.28205363071150397
248 137 4 1 8 0.12772831863386733 2 8 0.11531724022363665 1 9 0.3978040927966727 2 9 0.35915034834582327
248 138 4 1 9 0.10462945235415569 2 9 0.14389423870739557 1 10 0.31637448456324013 2 10 0.4351018243752086
250 129 4 2 0 0.15217173083188418 3 0 0.25610571941956206 2 1 0.22054474111180516 3 1 0.37117780863674865
250 130 4 2 1 0.11096428108444788 3 1 0.3027913013710386 2 2 0.15722371634610252 3 2 0.4290207011984111
250 131 4 2 2 0.0686115897320753 3 2 0.35062212492745126 2 3 0.09504793318534324 3 3 0.4857183521551301
250 132 4 2 3 0.02511365677476274 3 3 0.39959819008878983 2 4 0.03401739162952399 3 4 0.5412707615069234
249 133 4 2 4 0.30909329368924965 3 4 0.01656821086522547 2 5 0.640031147997858 3 5 0.034307347447666926
249 134 4 2 5 0.2796792017776949 3 5 0.051460434980820396 2 6 0.5649167653962738 3 6 0.10394359784521091
249 135 4 2 6 0.24911986826120328 3 6 0.08749790070135219 2 7 0.4909476243996335 3 7 0.172434606637811
249 136 4 2 7 0.21741529313977254 3 7 0.12468060802682314 2 8 0.4181237250079325 3 8 0.2397803738254719
249 137 4 2 8 0.18456547641340257 3 8 0.1630085569572332 2 9 0.3464450672211705 3 9 0.3059808994081936
249 138 4 2 9 0.15057041808209468 3 9 0.20248174749258846 2 10 0.27591165103934134 3 10 0.3710361833859756
251 129 4 3 0 0.19394043372094932 4 0 0.318865491043627 3 1 0.18425417042678022 4 1 0.30293990480864347
251 130 4 3 1 0.14183679192191492 4 1 0.37644726504670156 3 2 0.13182933771267566 4 2 0.34988660531870786
251 131 4 3 2 0.08858790851794505 4 2 0.4351742806547117 3 3 0.08054974660351372 4 3 0.3956880642238296
251 132 4 3 3 0.03419378350903598 4 3 0.4950465378676609 3 4 0.030415397099290923 4 4 0.4403442815240122
250 133 4 3 4 0.4106604612801197 4 4 0.01952951778748731 3 5 0.5439421126110353 4 5 0.025867908321357796
250 134 4 3 5 0.3703501773169667 4 5 0.06531793395468045 3 6 0.47972392206104925 4 6 0.08460796666730358
250 135 4 3 6 0.32889465174887766 4 6 0.11225159172680971 3 7 0.4166509731160065 4 7 0.14220278340830617
250 136 4 3 7 0.28629388457584937 4 7 0.16033049110387812 3 8 0.35472326577590296 4 8 0.1986523585443696
250 137 4 3 8 0.24254787579788198 4 8 0.2095546320858857 3 9 0.29394080004073847 4 9 0.2539566920754939
250 138 4 3 9 0.19765662541497603 4 9 0.2599240146728389 3 10 0.2343035759105072 4 10 0.30811578400167783
252 129 4 4 0 0.2368543782149586 5 0 0.3804800210627494 4 1 0.1468183581368182 5 1 0.23584724258547365
252 130 4 4 1 0.17385454436432604 5 1 0.44895798711742224 4 2 0.10528971747431183 5 2 0.2718977510439398
252 131 4 4 2 0.1097094689087587 5 2 0.5185811947770298 4 3 0.06490631841674735 5 3 0.3068030178974641
252 132 4 4 3 0.044419151848252146 5 3 0.5893496440415764 4 4 0.02566816096412204 5 4 0.3405630431460493
251 133 4 4 4 0.5133728704759247 5 4 0.02134558310481223 4 5 0.4467078356192703 5 5 0.018573710799992697
251 134 4 4 5 0.46216639446117375 5 5 0.07803019132360346 4 6 0.3933858371208824 5 6 0.06641757709434043
251 135 4 4 6 0.40981467684148737 5 6 0.13586004114733002 4 7 0.34120908022743696 5 7 0.11311620178374568
251 136 4 4 7 0.3563177176168618 5 7 0.19483513257599575 4 8 0.29017756493893065 5 8 0.15866958486821178
251 137 4 4 8 0.3016755167872971 5 8 0.2549554656096007 4 9 0.24029129125536355 5 9 0.2030777263477387
251 138 4 4 9 0.2458880743527933 5 9 0.31622104024815173 4 10 0.19155025917673013 5 10 0.24634062622232483
253 129 4 5 0 0.28091356431390346 6 0 0.4409493094769365 5 1 0.10823730424191352 6 1 0.16989982196724654
253 130 4 5 1 0.2070175384116726 6 1 0.5203234675832076 5 2 0.0776048556310054 6 2 0.19505413837411445
253 131 4 5 2 0.13197627090450775 6 2 0.6008428672944125 5 3 0.04811764862503845 6 3 0.21906321317604124
253 132 4 5 3 0.055789761792403726 6 3 0.6825075086105568 5 4 0.01977568322401065 6 4 0.24192704637302884
252 133 4 5 4 0.6172305212766753 6 4 0.02201640681719353 5 5 0.34832831702256706 6 5 0.012424754883564112
252 134 4 5 5 0.5551278532103261 6 5 0.08959720708758298 5 6 0.30590251057577733 6 6 0.04937242912631363
252 135 4 5 6 0.49187994353904213 6 6 0.15832324896290698 5 7 0.2646219457339294 6 7 0.08517486176412142
252 136 4 5 7 0.42748679226281916 6 7 0.22819453244317023 5 8 0.22448662249702056 6 8 0.11983205279699005
252 137 4 5 8 0.361948399381657 6 8 0.2992110575283726 5 9 0.1854965408650509 6 9 0.1533440022249195
252 138 4 5 9 0.2952647648955552 6 9 0.37137282421852164 5 10 0.14765170083801551 6 10 0.18571071004790768
254 129 4 6 0 0.3261179920177816 7 0 0.5002733562861902 6 1 0.06851100874206845 7 1 0.10509764295395974
254 130 4 6 1 0.24132577406395248 7 1 0.5905437064440595 6 2 0.048774752182758646 7 2 0.11935576730922937
254 131 4 6 2 0.15538831450519006 7 2 0.6819592982068621 6 3 0.030183737228389226 7 3 0.1324686500595586
254 132 4 6 3 0.06830561334148846 7 3 0.7745201315746039 6 4 0.012737963878958973 7 4 0.14443629120494866
253 133 4 6 4 0.7222334136823613 7 4 0.02154198892463947 6 5 0.2488035568209213 7 5 0.007421040572077996
253 134 4 6 5 0.6492345535644137 7 5 0.10001898124662714 6 6 0.2172739424257299 7 6 0.03347252276322926
253 135 4 6 6 0.5750904518415323 7 6 0.1796412151735487 6 7 0.1868895696354794 7 7 0.05837876334943954
253 136 4 6 7 0.49980110851371184 7 7 0.26040869070540945 6 8 0.15765043845016813 7 8 0.08213976233071066
253 137 4 6 8 0.4233665235809521 7 8 0.3423214078422093 6 9 0.12955654886979598 7 9 0.10475551970704261
253 138 4 6 9 0.34578669704324677 7 9 0.4253793665839618 6 10 0.10260790089435697 7 10 0.12622603547843433
255 129 4 7 0 0.3724676613266163 8 0 0.5584521614905015 7 1 0.027639471637281008 8 1 0.04144070554560113
255 130 4 7 1 0.2767792513211875 8 1 0.6596187036999704 7 2 0.018799407129570903 8 2 0.044802637849271056
255 131 4 7 2 0.17994559971082613 8 2 0.7619304875143721 7 3 0.011104584226800442 8 3 0.04701932854800133
255 132 4 7 3 0.08196670649552558 8 3 0.8653875129337127 7 4 0.004555002928969145 8 4 0.048090777641792454
254 133 4 7 4 0.8283815476929802 8 4 0.019922329427152274 7 5 0.14813355501433534 8 5 0.0035625678655321186
254 134 4 7 5 0.7444864955234344 8 5 0.10929551380073825 7 6 0.1275001326707422 8 6 0.018717858005085092
254 135 4 7 6 0.6594462017489555 8 6 0.19981393977925732 7 7 0.10801195193208929 8 7 0.032727906539697815
254 136 4 7 7 0.5732606663695374 8 7 0.2914776073627156 7 8 0.08966901279837555 8 8 0.04559271346937139
254 137 4 7 8 0.48592988938518017 8 8 0.38428651655111307 7 9 0.07247131526960096 8 9 0.0573122787941058
254 138 4 7 9 0.3974538707958823 8 9 0.4782406673444582 7 10 0.05641885934576164 8 10 0.06788660251389783
256 130 4 8 0 0.012321179528553074 9 0 0.028605250005736813 8 1 0.28873561112624546 9 1 0.6703379593394646
256 131 4 8 1 0.009119810379726022 9 1 0.03728475135860404 8 2 0.1874085057619407 9 2 0.7661869324997291
256 132 4 8 2 0.004773199625959809 9 2 0.04710949431641043 8 3 0.0872266420025751 9 3 0.8608906640550547
255 133 4 8 4 0.9356749233085506 9 4 0.017157428324713862 8 5 0.046318311602812384 9 5 0.0008493367639232463
255 134 4 8 5 0.840883679087419 9 5 0.11742680474989979 8 6 0.03658108131080498 9 6 0.005108434851876261
255 135 4 8 6 0.7449471932613411 9 6 0.21884142278001784 8 7 0.027989092623751027 9 7 0.008222291334890035
255 136 4 8 7 0.647865465830324 9 7 0.3214012824150751 8 8 0.020542345541636236 9 8 0.01019090621296465
255 137 4 8 8 0.5496384967943678 9 8 0.4251063836550715 8 9 0.014240840064460605 9 9 0.011014279486100103
255 138 4 8 9 0.4502662861534705 9 9 0.5299567265000161 8 10 0.009084576192220764 9 10 0.010692411154292657
257 130 4 9 0 0.044587007791616215 10 0 0.10086789625580551 9 1 0.26194791506722254 10 1 0.5925971808853557
257 131 4 9 1 0.03048944659119165 10 1 0.12044358966027026 9 2 0.17151700175451529 10 2 0.6775499619940228
257 132 4 9 2 0.015246643785827924 10 2 0.14116452466967416 9 3 0.08223133004674717 10 3 0.7613575014977508
256 133 4 9 3 0.056642173413650826 10 3 0.000718652732745387 9 4 0.9308291937017522 10 4 0.011809980151851543
256 134 4 9 4 0.055483211654060054 10 4 0.0073557466963905475 9 5 0.827459680948204 10 5 0.10970136070134533
256 135 4 9 5 0.05317900828951649 10 5 0.015138082264974281 9 6 0.7252354097996158 10 6 0.20644749964589343
256 136 4 9 6 0.04972956332003378 10 6 0.02406565943849718 9 7 0.6241563802559666 10 7 0.30204839698550234
256 137 4 9 7 0.0451348767456119 10 7 0.03413847821695924 9 8 0.5242225923172568 10 8 0.39650405272017214
256 138 4 9 8 0.0393949485662531 10 8 0.04535653860036531 9 9 0.42543404598347123 10 9 0.4898144668499103
256 139 4 9 9 0.03250977878195466 10 9 0.05771984058871105 9 10 0.32779074125463786 10 10 0.5819796393746964
258 130 4 10 0 0.07799807765961851 11 0 0.17198530090093503 10 1 0.23401497740326047 11 1 0.516001644036186
258 131 4 10 1 0.053004324407596434 11 1 0.20245718635699728 10 2 0.1544802561421507 11 2 0.5900582330932556
258 132 4 10 2 0.026865329550635204 11 2 0.2340743134179987 10 3 0.07609077648598006 11 3 0.662969580545386
257 134 4 10 4 0.14869274622386425 11 4 0.018674686639718194 10 5 0.73972827858244 11 5 0.0929042885539775
257 135 4 10 5 0.13549235080772315 11 5 0.03735321425989944 10 6 0.6484001994854492 11 6 0.17875423544692812
257 136 4 10 6 0.12114671378664293 11 6 0.05717698348501986 10 7 0.5582173619933976 11 7 0.26345894073493953
257 137 4 10 7 0.10565583516062356 11 7 0.07814599431507942 10 8 0.4691797661062852 11 8 0.3470184044180118
257 138 4 10 8 0.08901971492966734 11 8 0.10026024675008291 10 9 0.3812874118241043 11 9 0.42943262649614544
257 139 4 10 9 0.07123835309377145 11 9 0.12351974079002608 10 10 0.29454029914686836 11 10 0.5107016069693342
259 130 4 11 0 0.11255438913255995 12 0 0.24195746394112544 11 1 0.20493679813435914 12 1 0.4405513487919555
259 131 4 11 1 0.07666444382894039 12 1 0.2833255414487852 11 2 0.13629826892484692 12 2 0.5037117457974275
259 132 4 11 2 0.03962925692038164 12 2 0.3258388605613841 11 3 0.0688049813202738 12 3 0.5657269011979604
258 134 4 11 4 0.24304752239860758 12 4 0.028848384978106677 11 5 0.650851634611737 12 5 0.07725245801154884
258 135 4 11 5 0.21895093493086903 12 5 0.058423104649885434 11 6 0.5704197475663436 12 6 0.15220621285290192
258 136 4 11 6 0.1937091058581913 12 6 0.08914306592660337 11 7 0.49113310212588945 12 7 0.22601472608931583
258 137 4 11 7 0.16732203518057437 12 7 0.12100826880826043 11 8 0.41299169829037463 12 8 0.2986779977207906
258 138 4 11 8 0.13978972289802014 12 8 0.15401871329486197 11 9 0.33599553605979166 12 9 0.37019602774732624
258 139 4 11 9 0.11111216901052677 12 9 0.1881743993864026 11 10 0.2601446154341532 12 10 0.44056881616891747
260 130 4 12 0 0.14825594221044386 13 0 0.3107843853763734 12 1 0.17471337726052255 13 1 0.3662462951526602
260 131 4 12 1 0.10146980485522679 13 1 0.36304865493563065 12 2 0.11697104010260778 13 2 0.41851050010653484
260 132 4 12 2 0.05353842589507058 13 2 0.416458166099827 12 3 0.060373944549632144 13 3 0.46962946345547024
259 134 4 12 4 0.3385475401782901 13 4 0.03787684171155601 12 5 0.5608297490360946 13 5 0.06274586907405934
259 135 4 12 5 0.30355476065895404 13 5 0.07834775343493228 12 6 0.49129405404229876 13 6 0.1268034318638149
259 136 4 12 6 0.26741673953467876 13 6 0.1199639067632477 12 7 0.4229036006534423 13 7 0.1897157530486313
259 137 4 12 7 0.2301334768054644 13 7 0.1627253016965023 12 8 0.35565838886952483 13 8 0.25148283262850857
259 138 4 12 8 0.1917049724713121 13 8 0.20663193823470186 12 9 0.2895584186905399 13 9 0.31210467060344615
259 139 4 12 9 0.15213122653222125 13 9 0.25168381637783993 12 10 0.22460369011649886 13 10 0.3715812669734399
261 130 4 13 0 0.18510273689326381 14 0 0.37846606520668347 13 1 0.1433447147817428 14 1 0.29308648311830987
261 131 4 13 1 0.12742040748644942 14 1 0.441626526817538 13 2 0.09649856967542533 14 2 0.33445449602058713
261 132 4 13 2 0.06859283647469587 14 2 0.5059322300333318 13 3 0.05079766617404703 14 3 0.3746772673179253
261 133 4 13 3 0.00862002385800317 14 3 0.5713831748540646 13 4 0.006242004277607899 14 4 0.41375479701032425
260 134 4 13 4 0.4351927995629152 14 4 0.04576005684006275 13 5 0.46966262185551677 14 5 0.0493845217415053
260 135 4 13 5 0.3893038279919816 14 5 0.0971271606150365 13 6 0.4110231189133184 14 6 0.1025458924796634
260 136 4 13 6 0.3422696148161089 14 6 0.1496395059949494 13 7 0.3535288575760593 14 7 0.15456202161288235
260 137 4 13 7 0.29409016003529703 14 7 0.20329709297980145 13 8 0.2971798378437394 14 8 0.20543290914116213
260 138 4 13 8 0.24476546364954593 14 8 0.2580999215695981 13 9 0.24197605971635336 14 9 0.25515855506450263
260 139 4 13 9 0.19429552565885783 14 9 0.31404799176433346 13 10 0.18791752319390959 14 10 0.30373895938289913
262 130 4 14 0 0.22309477318102347 15 0 0.4450025034320557 14 1 0.11083081069802328 15 1 0.22107191268889756
262 131 4 14 1 0.15451625172261158 15 1 0.5190591570945077 14 2 0.07488085764330335 15 2 0.2515437335395773
262 132 4 14 2 0.08479248865926053 15 2 0.594261052361899 14 3 0.04007614619352256 15 3 0.28087031278531793
262 133 4 14 3 0.013923483990970315 15 3 0.6706081892342294 14 4 0.006416676348680933 15 4 0.3090516504261194
261 134 4 14 4 0.5329833005524751 15 4 0.052498030363632854 14 5 0.3773502530699969 15 5 0.03716841601389502
261 135 4 14 5 0.47619813692994434 15 5 0.11476132619020392 14 6 0.329606942179396 15 6 0.0794335947004558
261 136 4 14 6 0.4182677317024742 15 6 0.17816986362171414 14 7 0.2830088728937342 15 7 0.12055353178207741
261 137 4 14 7 0.359192084870065 15 7 0.2427236426581635 14 8 0.23755604521301157 15 8 0.1605282272587599
261 138 4 14 8 0.29897119643271264 15 8 0.3084226632995633 14 9 0.19324845913721975 15 9 0.19935768113050445
261 139 4 14 9 0.23760506639042703 15 9 0.37526692554589614 14 10 0.15008611466637348 15 10 0.23704189339730342
263 130 4 15 0 0.2622320510737223 16 0 0.5103937000524887 15 1 0.07717166500936463 16 1 0.15020258386442437
263 131 4 15 1 0.1827573375637129 16 1 0.5953465457665382 15 2 0.0521179040062422 16 2 0.16977821266350665
263 132 4 15 2 0.10213738244876436 16 2 0.681444633085527 15 3 0.028209384608058923 16 3 0.18820859985764973
263 133 4 15 3 0.02037218572887662 16 3 0.768687962009455 15 4 0.005446106814814806 16 4 0.20549374544685367
262 134 4 15 4 0.6319190431469759 16 4 0.05809076228226396 15 5 0.2838926426795364 16 5 0.026097551891223737
262 135 4 15 5 0.5642376874728475 16 5 0.13125025016043254 15 6 0.24704552384053297 16 6 0.057466538526187
262 136 4 15 6 0.49541109019378 16 6 0.20555497964354028 15 7 0.21134364660646868 16 7 0.0876902835562111
262 137 4 15 7 0.4254392513097733 16 7 0.28100495073158716 15 8 0.1767870109773436 16 8 0.11676878698129606
262 138 4 15 8 0.3543221708208271 16 8 0.35760016342458056 15 9 0.1433756169531525 16 9 0.14470204880143978
262 139 4 15 9 0.28205984872694406 16 9 0.43534061772251087 15 10 0.11110946453390369 16 10 0.17149006901664132
264 130 4 16 0 0.3025145705713715 17 0 0.5746396550679855 16 1 0.04236727771576279 17 1 0.08047849664488016
264 131 4 16 1 0.2121436650097631 17 1 0.6704886928336341 16 2 0.02820970876423931 17 2 0.08915793339236347
264 132 4 16 2 0.12062751784321556 17 2 0.7674829722042218 16 3 0.015197381417654988 17 3 0.09669212853490762
264 133 4 16 3 0.027966129071729323 17 3 0.8656224931797625 16 4 0.0033302956760093844 17 4 0.10308108207249883
263 134 4 16 4 0.7320000273464158 17 4 0.06253825259595591 16 5 0.18928979068413668 17 5 0.01617192937349161
263 135 4 16 5 0.6534224796206898 17 5 0.146593932525722 16 6 0.16333886389673075 17 6 0.03664472395685737
263 136 4 16 6 0.5736996902900248 17 6 0.23179485406042727 16 7 0.13853317871426396 17 7 0.05597227693528396
263 137 4 16 7 0.4928316593544206 17 7 0.31814101720007165 16 8 0.11487273513673638 17 8 0.07415458830877139
263 138 4 16 8 0.41081838681387495 17 8 0.40563242194466453 16 9 0.09235753316414305 17 9 0.09119165807731744
263 139 4 16 9 0.3276598726684018 17 9 0.49426906829418504 16 10 0.07098757279649329 17 10 0.1070834862409199
265 130 4 17 0 0.34394233167393545 18 0 0.6377403684785534 17 1 0.0064176488172247295 18 1 0.011899651030286397
265 131 4 17 1 0.24267523406072952 18 1 0.7444855982957995 17 2 0.0031562719172988367 18 2 0.00968289572617211
264 134 4 17 4 0.8332262531508208 18 4 0.06584050130469696 17 5 0.0935416970837861 18 5 0.007391548460696169
264 135 4 17 5 0.7437525133734959 18 5 0.16079237328606194 17 6 0.07848696234797907 18 6 0.016968150992463005
264 136 4 17 6 0.653133531991219 18 6 0.25688948687237906 17 7 0.06457746921710994 18 7 0.02539951191929196
264 137 4 17 7 0.5613693090040158 18 7 0.35413184206362247 17 8 0.051813217691181315 18 8 0.0326856312411804
264 138 4 17 8 0.468459844411877 18 8 0.45251943885980855 17 9 0.04019420777018824 18 9 0.038826508958126185
264 139 4 17 9 0.3744051382147861 18 9 0.5520522772609467 17 10 0.029720439454134915 18 10 0.04382214507013224
266 131 4 18 0 0.023042406534580433 19 0 0.06864690033508046 18 1 0.2282672316475023 19 1 0.6800434614828368
266 132 4 18 1 0.014262349777969733 19 1 0.08290508929573134 18 2 0.1325188138909812 19 2 0.7703137470353177
266 133 4 18 2 0.004337051416420472 19 2 0.098308519861335 18 3 0.0379156377393986 19 3 0.859438790982846
265 136 4 18 5 0.010523481884972952 19 5 0.004028011491756993 18 6 0.7126656515273821 19 6 0.27278285509588807
265 137 4 18 6 0.01239154135930398 19 6 0.007638084221466144 18 7 0.6062691175399192 19 7 0.3737012568793107
265 138 4 18 7 0.0131143592286995 19 7 0.01239339855611791 18 8 0.5010178251573918 19 8 0.4734744170577908
265 139 4 18 8 0.012691935493154425 19 8 0.018293954495710262 18 9 0.3969117743798068 19 9 0.5721023356313285
265 140 4 18 9 0.011124270152666496 19 9 0.025339752040238375 18 10 0.2939509652071629 19 10 0.6695850125999322
267 131 4 19 0 0.05038632659139904 20 0 0.14583145479139367 19 1 0.2064014437947239 20 1 0.5973807748224833
267 132 4 19 1 0.030710077783190837 20 1 0.17098583580364207 19 2 0.12154921808980025 20 2 0.6767548683233667
267 133 4 19 2 0.009888587370044142 20 2 0.19728545842084316 19 3 0.03784223398981511 20 3 0.7549837202192976
266 134 4 19 3 0.10139021493171227 20 3 0.006733488550069152 19 4 0.8363339997109749 20 4 0.055542296807243624
266 135 4 19 4 0.09465256556432426 20 4 0.018949270121497337 19 5 0.7385431745652311 20 5 0.14785498974894729
266 136 4 19 5 0.0867696745919954 20 5 0.032310293297866374 19 6 0.6418975910244139 20 6 0.23902244108572432
266 137 4 19 6 0.077741542014729 20 6 0.046816558079172954 19 7 0.5463972490885485 20 7 0.3290446508175495
266 138 4 19 7 0.06756816783252713 20 7 0.062468064465422114 19 8 0.45204214875761856 20 8 0.4179216189444322
266 139 4 19 8 0.05624955204538485 20 8 0.07926481245661167 19 9 0.35883229003163075 20 9 0.5056533454663728
266 140 4 19 9 0.043785694653299484 20 9 0.09720680205273721 19 10 0.26676767291058423 20 10 0.592239830383379
268 131 4 20 0 0.07887548825315681 21 0 0.22187076764276778 20 1 0.18339041433700626 21 1 0.5158633297670692
268 132 4 20 1 0.048303047393351096 21 1 0.25792134070661366 20 2 0.10943438068368015 21 2 0.5843412312163551
268 133 4 20 2 0.01658536492860697 21 2 0.29511715537541217 20 3 0.03662358863529245 21 3 0.6516738910606884
267 134 4 20 3 0.20057403334687018 21 3 0.01207814464804307 20 4 0.7426283134998571 21 4 0.04471950850522952
267 135 4 20 4 0.18294019192788466 21 4 0.035190118271068764 20 5 0.6557336804057109 21 5 0.12613600939533567
267 136 4 20 5 0.16416110890395683 21 5 0.059447333499036796 20 6 0.5699842889164927 21 6 0.20640726868051368
267 137 4 20 6 0.1442367842750929 21 6 0.0848497903319409 20 7 0.4853801390322247 21 7 0.28553328636074143
267 138 4 20 7 0.12316721804129728 21 7 0.1113974887697909 20 8 0.4019212307528885 21 8 0.3635140624360233
267 139 4 20 8 0.10095241020255401 21 8 0.13909042881257438 20 9 0.31960756407850177 21 9 0.4403495969063699
267 140 4 20 9 0.07759236075887113 21 9 0.16792861046029744 20 10 0.2384391390090528 21 10 0.5160398897717786
269 131 4 21 0 0.10850989151985375 22 0 0.2967648388892027 21 1 0.1592341432743495 22 1 0.43549112631659403
269 132 4 21 1 0.06704125860845052 22 1 0.34371160400464607 21 2 0.09617430167262093 22 2 0.49307283571428256
269 133 4 21 2 0.024427384092108963 22 2 0.39180361072504205 21 3 0.03425970167583064 22 3 0.5495093035070184
268 134 4 21 3 0.3009030933669673 22 3 0.016277559141077827 21 4 0.6477773856838003 22 4 0.03504196180815458
268 135 4 21 4 0.2723730598963843 22 4 0.05028572481570103 21 5 0.5717789446412515 22 5 0.10556227064666321
268 136 4 21 5 0.2426977848208574 22 5 0.08543913209526806 21 6 0.49692574520363236 22 6 0.17493733788024224
268 137 4 21 6 0.211877268140396 22 6 0.12173778097976967 21 7 0.4232177873709619 22 7 0.24316716350887244
268 138 4 21 7 0.17991150985500293 22 7 0.15918167146921708 21 8 0.35065507114322314 22 8 0.3102517475325569
268 139 4 21 8 0.1468005099646623 22 8 0.19777080356359789 21 9 0.2792375965204336 22 9 0.3761910899513061
268 140 4 21 9 0.11254426846938194 22 9 0.23750517726291848 21 10 0.20896536350258219 22 10 0.44098519076511733
270 131 4 22 0 0.13928953639148212 23 0 0.3705136685307043 22 1 0.13393263060674715 23 1 0.3562641644710664
270 132 4 22 1 0.08692471142848147 23 1 0.4283566256977451 22 2 0.08176898105661592 23 2 0.4029496818171574
270 133 4 22 2 0.0334146448605426 23 2 0.4873448244697384 22 3 0.030750573111422968 23 3 0.44848995755829596
269 134 4 22 3 0.40237739499200353 23 3 0.019331732029173425 22 4 0.5517812162628042 23 4 0.02650965671601881
269 135 4 22 4 0.3629511694698229 23 4 0.06423608975539413 22 5 0.48667896727185295 23 5 0.08613377350292994
269 136 4 22 5 0.32237970234269714 23 5 0.11028568908656017 22 6 0.42272195988583267 23 6 0.14461264868490997
269 137 4 22 6 0.2806629936106382 23 6 0.1574805300226593 22 7 0.3599101941047597 23 7 0.20194628226194267
269 138 4 22 7 0.23780104327364773 23 7 0.20582061256370413 22 8 0.2982436699286185 23 8 0.2581346742340297
269 139 4 22 8 0.1937938513317034 23 8 0.25530593670968865 22 9 0.23772238735741852 23 9 0.3131778246011894
269 140 4 22 9 0.14864141778482542 23 9 0.30593650246060683 22 10 0.17834634639116462 23 10 0.36707573336340305
271 131 4 23 0 0.1712144228680646 24 0 0.44311725656725376 23 1 0.10748587633421902 24 1 0.2781824442304627
271 132 4 23 1 0.10795340585346654 24 1 0.5118564057858919 23 2 0.06621841883568524 24 2 0.31397176952495626
271 133 4 23 2 0.04354714723393031 24 2 0.5817407966094826 23 3 0.02609620294208965 24 3 0.3486158532144975
270 134 4 23 3 0.5049969382219833 24 3 0.02124066331233784 23 4 0.4546398052368504 24 4 0.019122593228828432
270 135 4 23 4 0.45467452064819175 24 4 0.07704121309015538 23 5 0.4004337482975101 24 5 0.06785051796414272
270 136 4 23 5 0.4032068614694671 24 5 0.1339870044729203 23 6 0.34737293296308874 24 6 0.11543320109452386
270 137 4 23 6 0.3505939606858107 24 6 0.1920780374606168 23 7 0.29545735923361327 24 7 0.1618706426199592
270 138 4 23 7 0.2968358182972229 24 7 0.251314312053259 23 8 0.24468702710906923 24 8 0.20716284254044884
270 139 4 23 8 0.24193243430368777 24 8 0.31169582825083436 23 9 0.19506193658947435 24 9 0.2513098008560036
270 140 4 23 9 0.18588380870521246 24 9 0.37322258605334985 23 10 0.1465820876748178 24 10 0.29431151756661994
272 131 4 24 0 0.20428455094958306 25 0 0.5145756029988813 24 1 0.07989388045674076 25 1 0.20124596559479488
272 132 4 24 1 0.13012734188338598 25 1 0.5942109442691186 24 2 0.049522615009805974 25 2 0.22613909883768946
272 133 4 24 2 0.054824891212249774 25 2 0.674991527144295 24 3 0.020296591167810366 25 3 0.24988699047564494
271 134 4 24 3 0.6087617230569055 25 3 0.02200435299054757 24 4 0.35635315260598266 25 4 0.012880771346564315
271 135 4 24 4 0.5475431134315164 25 4 0.0887010948199626 24 5 0.31304328771823986 25 5 0.05071250403028109
271 136 4 24 5 0.48517926220119273 25 5 0.15654307825432645 24 6 0.27087866443541747 25 6 0.08739899510906332
271 137 4 24 6 0.42167016936593904 25 6 0.2255303032936204 24 7 0.22985928275753945 25 7 0.1229402445829012
271 138 4 24 7 0.35701583492575384 25 7 0.29566276993785995 24 8 0.18998514268459274 25 8 0.1573362524517935
271 139 4 24 8 0.2912162588806214 25 8 0.3669404781870325 24 9 0.1512562442165951 25 9 0.19058701871575096
271 140 4 24 9 0.22427144123054865 25 9 0.4393634280411454 24 10 0.11367258735353596 25 10 0.2226925433747699
273 131 4 25 0 0.23849992063603673 26 0 0.5848887078255595 25 1 0.051156642974327295 26 1 0.1254547285640765
273 132 4 25 1 0.15344651951824215 26 1 0.6754202411473942 25 2 0.03168156957899002 26 2 0.13945166975537357
273 133 4 25 2 0.0672478767955084 26 2 0.7670970160741681 25 3 0.013351737788591916 26 3 0.15230336934173153
272 134 4 25 3 0.713671749496773 26 3 0.021622801063826032 25 4 0.2569212583701552 26 4 0.007784191069245671
272 135 4 25 4 0.6415569478197849 26 4 0.09921573494484015 25 5 0.2245075855340115 26 5 0.03471973170136338
272 136 4 25 5 0.5682969045378607 26 5 0.1779539104308045 25 6 0.19323915430278962 26 6 0.060510030728545126
272 137 4 25 6 0.493891619651008 26 6 0.2578373275216974 25 7 0.16311596467651052 26 7 0.08515508815078401
272 138 4 25 7 0.4183410931592161 26 7 0.3388659862175295 25 8 0.13413801665517064 26 8 0.10865490396808374
272 139 4 25 8 0.34164532506249273 26 8 0.4210398865183073 25 9 0.10630531023876395 26 9 0.13100947818043607
272 140 4 25 9 0.263804315360821 26 9 0.5043590284240193 25 10 0.07961784542730382 26 10 0.15221881078785598
274 131 4 26 0 0.2738605319274295 27 0 0.6540565710472986 26 1 0.02127416388697466 27 1 0.050808733138297306
274 132 4 26 1 0.17791093875803743 27 1 0.7554842964207308 26 2 0.012695282543234902 27 2 0.05390948227799687
274 133 4 26 2 0.08081610398370619 27 2 0.8580572633991022 26 3 0.005261642804434309 27 3 0.055864989812757296
273 134 4 26 3 0.8197270175415662 27 3 0.02009600753216484 26 4 0.15634412252940239 27 4 0.003832852396866687
273 135 4 26 4 0.7367160238129804 27 4 0.10858513346477655 26 5 0.13482664174485626 27 5 0.01987220097738681
273 136 4 26 5 0.6525597884794573 27 5 0.19821950100233987 26 6 0.11445440256523336 27 6 0.03476630795296955
273 137 4 26 6 0.5672583115410069 27 6 0.2889991101448303 26 7 0.0952274049905518 27 7 0.04851517332361094
273 138 4 26 7 0.4808115929976175 27 7 0.38092396089225994 26 8 0.07714564902080938 27 8 0.06111879708931316
273 139 4 26 8 0.39321963284929695 27 8 0.473994053244635 26 9 0.060209134655999946 27 9 0.07257717925006822
273 140 4 26 9 0.3044824310960277 27 9 0.5682093872019444 26 10 0.04441786189613735 27 10 0.08289031980589065
275 132 4 27 0 0.007436246097459377 28 0 0.03048746359444068 27 1 0.18864810740785312 28 1 0.7734281829002468
275 133 4 27 1 0.003973693784662462 28 1 0.039428148111277775 27 2 0.08758218520751822 28 2 0.8690159728965416
274 134 4 27 3 0.9269275271912983 28 3 0.017423972395564483 27 4 0.05462174508371035 28 4 0.001026755329426863
274 135 4 27 4 0.8330203414111149 28 4 0.11680929037977379 27 5 0.044000456350761843 28 5 0.006169911858349398
274 136 4 27 5 0.7379679140259928 28 5 0.21733984996893607 27 6 0.03452440922273792 28 6 0.010167826782333144
274 137 4 27 6 0.6417702450359452 28 6 0.31901565116302405 27 7 0.026193603699653872 28 7 0.013020500101377017
274 138 4 27 7 0.5444273344409581 28 7 0.4218366939620512 27 8 0.019008039781508983 28 8 0.014727931815481729
274 139 4 27 8 0.44593918224104023 28 8 0.5258029783660234 27 9 0.01296771746829678 28 9 0.015290121924639537
274 140 4 27 9 0.3463057884361735 28 9 0.6309145043749304 27 10 0.008072636760031688 28 10 0.014707070428864452
276 132 4 28 0 0.02871301634309484 29 0 0.11373916786193704 28 1 0.17284946936627207 29 1 0.684698346428696
276 133 4 28 1 0.014354271978700496 29 1 0.13357604443037158 28 2 0.08267973921753456 29 2 0.7693899443733934
275 134 4 28 2 0.04824587396692083 29 2 0.0006341001330737994 28 3 0.938781530512128 29 3 0.012338495387877367
275 135 4 28 3 0.047970970648271744 29 3 0.006387135655748853 28 4 0.8345279593176452 29 4 0.11111393437833415
275 136 4 28 4 0.04655082572469667 29 4 0.013285412783364103 28 5 0.7314196297280743 29 5 0.20874413176386497
275 137 4 28 5 0.04398543919618321 29 5 0.021328931515917745 28 6 0.6294565417434558 29 6 0.30522908754444317
275 138 4 28 6 0.04027481106273059 29 6 0.030517691853410536 28 7 0.5286386953637767 29 7 0.4005688017200822
275 139 4 28 7 0.035418941324345546 29 7 0.04085169379584998 28 8 0.4289660905890317 29 8 0.4947632742907728
275 140 4 28 8 0.029417829981013124 29 8 0.05233093734322257 28 9 0.33043872741923225 29 9 0.5878125052565321
275 141 4 28 9 0.022271477032741547 29 9 0.06495542249553433 28 10 0.23305660585437196 29 10 0.6797164946173522
277 132 4 29 0 0.051135028193668934 30 0 0.1958456305244948 29 1 0.15590558971973814 30 1 0.5971137515620981
277 133 4 29 1 0.025880091777677073 30 1 0.22657869914452683 29 2 0.07663205162259817 30 2 0.6709091574551979
276 135 4 29 3 0.14108763925224674 30 3 0.017798941564905683 29 4 0.7468894229177246 30 4 0.09422399626512293
276 136 4 29 4 0.12877130227707276 30 4 0.03559341074411985 29 5 0.6546772853797526 30 5 0.1809580015990548
276 137 4 29 5 0.11530972369696187 30 5 0.054533121528270924 29 6 0.5636103894467317 30 6 0.2665467653280356
276 138 4 29 6 0.10070290351191181 30 6 0.07461807391736115 29 7 0.47368873511864984 30 7 0.35099028745207717
276 139 4 29 7 0.08495084172192958 30 7 0.09584826791139776 29 8 0.384912322395502 30 8 0.43428856797117066
276 140 4 29 8 0.06805353832699976 30 8 0.1182237035103678 29 9 0.29728115127730004 30 9 0.5164416068853325
276 141 4 29 9 0.050010993327130736 30 9 0.141744380714277 29 10 0.21079522176403717 30 10 0.5974494041945552
278 132 4 30 0 0.07470228164918218 31 0 0.2768068515821134 30 1 0.13781646846826506 31 1 0.5106743983004393
278 133 4 30 1 0.03855115318159281 31 1 0.31843611225374296 30 2 0.0694391224227226 31 2 0.5735736121419417
277 135 4 30 3 0.23534954946116013 31 3 0.028065505869124124 30 4 0.6581056449128514 31 4 0.07847929975686431
277 136 4 30 4 0.21213702043438715 31 4 0.05675616709993729 30 5 0.5767896994264783 31 5 0.1543171130391972
277 137 4 30 5 0.1877792498026788 31 5 0.08659206993568587 30 6 0.496618995545055 31 6 0.22900968471658045
277 138 4 30 6 0.1622762375660312 31 6 0.11757321437637361 30 7 0.4175935332685707 31 7 0.3025570147890245
277 139 4 30 7 0.13562798372445173 31 7 0.14969960042200744 30 8 0.33971331259702003 31 8 0.3749591032565207
277 140 4 30 8 0.10783448827792437 31 8 0.18297122807257502 30 9 0.26297833353041555 31 9 0.44621595011908505
277 141 4 30 9 0.07889575122645785 31 9 0.2173880973280817 30 10 0.18738859606875025 31 10 0.5163275553767102
279 132 4 31 0 0.09941477670963458 32 0 0.35662283103479286 31 1 0.11858210561185283 32 1 0.42538028664371974
279 133 4 31 1 0.05236745619044771 32 1 0.40914828375801987 31 2 0.061100951617907885 32 2 0.4773833084336245
278 135 4 31 3 0.33075670127501267 32 3 0.03718682856840341 31 4 0.5681766253030389 32 4 0.06387984485354485
278 136 4 31 4 0.29664798019664074 32 4 0.07677368185081557 31 5 0.4977568718682649 32 5 0.12882146608427875
278 137 4 31 5 0.26139401751333474 32 5 0.11750577673816166 31 6 0.42848236003843904 32 6 0.19261784571006452
278 138 4 31 6 0.22499481322508974 32 6 0.1593831132304469 31 7 0.36035308981355224 32 7 0.25526898373091106
278 139 4 31 7 0.18745036733191303 32 7 0.20240569132767802 31 8 0.2933690611935989 32 8 0.31677488014681005
278 140 4 31 8 0.14876067983378816 32 8 0.24657351102984304 31 9 0.22753027417859195 32 9 0.37713553495777685
278 141 4 31 9 0.10892575073072412 32 9 0.29188657233694726 31 10 0.16283672876852412 32 10 0.43635094816380443
280 132 4 32 0 0.12527251337502895 33 0 0.4352935688825428 32 1 0.09820250115049867 33 1 0.3412314165919296
280 133 4 32 1 0.06732900080424493 33 1 0.4987152136573811 32 2 0.05161753920815084 33 2 0.3823382463302231
280 134 4 32 2 0.008240246628518607 33 2 0.5632821000371476 32 3 0.006177818870745331 33 3 0.42229983446358843
279 135 4 32 3 0.42730909469380446 33 3 0.04516290966274353 32 4 0.47710236408828743 33 4 0.050425631555164545
279 136 4 32 4 0.3823041815638335 33 4 0.0956459549967547 32 5 0.4175788027051124 33 5 0.10447106073429945
279 137 4 32 5 0.33615402682893003 33 5 0.14727424193569827 32 6 0.359200482926884 33 6 0.1573712483084877
279 138 4 32 6 0.28885863048908744 33 6 0.20004777047958106 32 7 0.3019674047535947 33 7 0.20912619427773674
279 139 4 32 7 0.24041799254431345 33 7 0.2539665406284094 32 8 0.24587956818523868 33 8 0.25973589864203855
279 140 4 32 8 0.1908321129945911 33 8 0.309030552382172 32 9 0.1909369732218292 33 9 0.3092003614014078
279 141 4 32 9 0.14010099183992908 33 9 0.36523980574087245 32 10 0.13713961986335937 33 10 0.35751958255583915
281 132 4 33 0 0.1522754916453692 34 0 0.5128190651253344 33 1 0.07667765508421281 34 1 0.2582277881450837
281 133 4 33 1 0.08343578702298783 34 1 0.58713690195177 33 2 0.040988885193462325 34 2 0.28843842583177975
281 134 4 33 2 0.01345084079566407 34 2 0.6625999803831341 33 3 0.006445356907654254 34 3 0.31750382191354765
280 135 4 33 3 0.5250067297175596 34 3 0.051993749152146905 33 4 0.3848828612685725 34 4 0.03811665986172101
280 136 4 33 4 0.46910562453597526 34 4 0.11337298653775704 33 5 0.3362554919370107 34 5 0.08126589698925689
280 137 4 33 5 0.41205927774947315 34 5 0.17589746552829946 33 6 0.28877336421038113 34 6 0.12326989251184631
280 138 4 33 6 0.35386768935804025 34 6 0.2395671861237868 33 7 0.24243647808868218 34 7 0.16412864642949085
280 139 4 33 7 0.2945308593616592 34 7 0.30438214832420785 33 8 0.1972448335719331 34 8 0.20384215874219974
280 140 4 33 8 0.23404878776033802 34 8 0.3703423521295693 33 9 0.15319843066012243 34 9 0.2424104294499702
280 141 4 33 9 0.1724214745540777 34 9 0.4374477975398699 33 10 0.11029726935325096 34 10 0.2798334585528015
282 132 4 34 0 0.1804237115206297 35 0 0.5891993197632057 34 1 0.05400756741297827 35 1 0.17636940130318637
282 133 4 34 1 0.10068781484665083 35 1 0.6744133486412388 34 2 0.029214989573825293 35 2 0.19568384693828492
282 134 4 34 2 0.019806676567729484 35 2 0.7607726191242005 34 3 0.005567653339614812 35 3 0.21385305096845525
281 135 4 34 3 0.6238496063462393 35 3 0.057679347036598855 34 4 0.2915181168439471 35 4 0.026952929773214656
281 136 4 34 4 0.5570523091130561 35 4 0.12995477647380801 34 5 0.2537869395639842 35 5 0.05920597484915154
281 137 4 34 5 0.4891097702749565 35 5 0.20337544751594788 34 6 0.217201003888952 35 6 0.09031377832014353
281 138 4 34 6 0.42002198983192623 35 6 0.27794136016303256 34 7 0.18176030981885047 35 7 0.12027634018619072
281 139 4 34 7 0.34978896778393803 35 7 0.3536525144150609 34 8 0.14746485735369444 35 8 0.14909366044730657
281 140 4 34 8 0.27841070413101937 35 8 0.4305089102720198 34 9 0.11431464649348128 35 9 0.17676573910347954
281 141 4 34 9 0.20588719887316148 35 9 0.5085105477339179 34 10 0.08230967723820731 35 10 0.20329257615471336
