background
2D
78
22 2 2 164 64 0.6269002222222184 165 64 0.3730997777777816
22 3 2 165 64 0.20931594444445523 165 65 0.7906840555555448
21 0 4 162 63 0.6098031149839388 163 63 0.32053771834939354 162 64 0.04565894057162138 163 64 0.02400022609504634
21 1 4 162 63 0.004753334662321718 163 63 0.1440715542265744 162 64 0.02718577644879275 163 64 0.8239893346623112
21 2 4 163 64 0.15001491107237513 164 64 0.21729403337205638 163 65 0.25840125559429367 164 65 0.3742897999612748
21 3 4 164 65 0.4597849553252233 165 65 0.12600804467477209 164 66 0.32510826689700695 165 66 0.08909873310299768
21 4 4 164 66 0.12978641186529924 165 66 0.6744906436902599 164 67 0.03158386591248531 165 67 0.1641390785319555
21 5 4 165 66 0.012242002914821335 166 66 0.010519108196301665 165 67 0.5256053304185175 166 67 0.45163355847035946
21 6 4 166 67 0.22057633958489165 167 67 0.020668827081766764 166 68 0.6937480493040016 167 68 0.06500678402934001
21 7 4 166 68 0.1336899218755479 167 68 0.32603930034667433 166 69 0.15711152256890676 167 69 0.383159255208871
21 8 4 167 69 0.4525571386756505 168 69 0.22565613910213556 167 70 0.21472136132435848 168 70 0.10706536089785547
21 9 4 167 70 0.03923548998519287 168 70 0.857461843348157 167 71 0.004520065570370448 168 71 0.09878260109627966
21 10 4 168 70 0.04840297580418093 169 70 0.06677841308470436 168 71 0.37182963530693314 169 71 0.5129889758041816
21 11 4 169 71 0.2658344850215216 170 71 0.06783095942292748 169 72 0.5308751816451432 170 72 0.13545937391040766
21 12 4 169 72 0.09562496208164535 170 72 0.4565245379183676 169 73 0.07756176014058451 170 73 0.3702887398594025
21 13 4 170 73 0.42358935142899373 171 73 0.34704420412656883 170 74 0.12607442634878693 171 74 0.10329201809565051
21 14 4 171 74 0.916062208619123 172 74 0.0730554024919892 171 75 0.010078624714211988 172 75 0.000803764174675829
21 15 4 171 74 0.06282397809648439 172 74 0.1447776885701916 171 75 0.2397939107924049 172 75 0.5526044225409191
21 16 4 172 75 0.28935265986107295 173 75 0.13673306236115268 172 76 0.3897422845833707 173 76 0.1841719931944037
21 17 4 172 76 0.03582003169067058 173 76 0.6087497460871188 172 77 0.019751968309334483 173 77 0.33567825391287603
21 18 4 173 77 0.3728815935852743 174 77 0.4901722397480648 173 78 0.059167461970285086 174 78 0.07777870469637585
21 19 4 174 77 0.06592551221154326 175 77 0.015612376677345427 174 78 0.7426005988995704 175 78 0.17586151221154084
21 20 4 174 78 0.055505009791717005 175 78 0.24451693465273552 174 79 0.12949815687495816 175 79 0.5704798986805893
21 21 4 175 79 0.2911308641035568 176 79 0.22737513589644529 175 80 0.27034935811866556 176 80 0.21114464188133233
21 22 4 176 80 0.6912651862581963 177 80 0.04572486929736965 176 81 0.24669209151958751 177 81 0.016317852924846533
21 23 4 176 81 0.3004338651444875 177 81 0.6550402459666281 176 82 0.014000468188850663 177 82 0.03052542070003376
21 24 4 177 81 0.12018967854023047 178 81 0.05376848812643473 177 82 0.5707217103486585 178 82 0.2553201229846764
21 25 4 177 82 0.026446070889880716 178 82 0.3659961513323483 177 83 0.0409423735545732 178 83 0.5666154042231978
21 26 4 178 83 0.2711690977489818 179 83 0.33975718002881106 178 84 0.17269640225102292 179 84 0.21637731997118423
21 27 4 179 84 0.6804005924508623 180 84 0.14900974088248026 179 85 0.1399419631046968 180 85 0.030647703561960733
21 28 4 179 84 0.009426554995516168 180 84 0.038467833893375915 179 85 0.18739305611559717 180 85 0.7647125549955107
21 29 4 180 85 0.1527138742718587 181 85 0.11366457017259722 180 86 0.420582792394809 181 86 0.3130387631607351
21 30 4 181 86 0.4605096613909943 182 86 0.02435283860902543 181 87 0.4892640608312348 182 87 0.02587343916874546
21 31 4 181 87 0.22946736079732946 182 87 0.47387919475823986 181 88 0.09678341698045397 182 88 0.19987002746397667
21 32 4 182 88 0.6477960280464601 183 88 0.27403458306465894 182 89 0.05493180528687418 183 89 0.023237583602006853
21 33 4 182 88 0.011113607582816045 183 88 0.12920105908386675 182 89 0.0680912813060725 183 89 0.7915940520272448
21 34 4 183 89 0.16349809940640841 184 89 0.195300622815824 183 90 0.29218384503803446 184 90 0.3490174327397331
21 35 4 184 90 0.4803910590727956 185 90 0.09689171870500062 184 91 0.3517679409272087 185 91 0.07094928129499507
21 36 4 184 91 0.1660256532486069 185 91 0.6297411800847389 184 92 0.04261040230695172 185 92 0.1616227643597024
21 37 4 185 91 0.008338381933888738 186 91 0.005912506955020947 185 92 0.5767747291772243 186 92 0.4089743819338661
21 38 4 186 92 0.2237956340175205 187 92 0.008939310426953019 186 93 0.737794532649154 187 93 0.029470522906372573
22 0 4 163 62 0.48404709467420937 164 62 0.06981668310358281 163 63 0.3898990164369004 164 63 0.05623720578530743
22 1 4 163 63 0.1934137901914759 164 63 0.5789340431418801 163 64 0.05700937647518818 164 64 0.1706427901914558
22 4 4 165 65 0.1625016838000076 166 65 0.26529831620001143 165 66 0.2173526495333266 166 66 0.3548473504666544
22 5 4 166 66 0.48880491735509757 167 66 0.15747913820048529 166 67 0.26752647153379094 167 67 0.08618947291062619
22 6 4 166 67 0.11484850764182673 167 67 0.7499196034692915 166 68 0.017959936802616115 167 68 0.1172719520862656
22 7 4 167 67 0.04239912132692489 168 67 0.04085304533975723 167 68 0.46688637867307936 168 68 0.4498614546602385
22 8 4 168 68 0.2672666472992554 169 68 0.03446957492299051 168 69 0.6184959082562996 169 69 0.07976786952145443
22 9 4 168 69 0.13642236333656613 169 69 0.3837979144412436 168 70 0.12581724777454326 169 70 0.353962474447647
22 10 4 169 70 0.4718227694388943 170 70 0.2668815638944509 169 71 0.16689389722776946 170 71 0.09440176943888538
22 11 4 169 71 0.014543254495107101 170 71 0.9426451343938019 169 72 0.000650467727107388 170 72 0.04216114338398361
22 12 4 170 71 0.06880576294969043 171 71 0.1068666814947824 170 72 0.32286501482808905 171 72 0.5014625407274381
22 13 4 171 72 0.302770461469266 172 72 0.09138603853075641 171 73 0.46537737186406425 172 73 0.14046612813591333
22 14 4 171 73 0.08860307227604913 172 73 0.5240374832795229 171 74 0.05602181661283545 172 74 0.3313376278315925
22 15 4 172 74 0.43310065092564104 173 74 0.39802396018549485 172 75 0.08800129351879789 173 75 0.08087409537006622
22 16 4 173 74 0.04452769741801658 174 74 0.005080969248668931 173 75 0.8530513025819767 174 75 0.09734003075133782
22 17 4 173 75 0.07347243397538065 174 75 0.1946202882468687 173 76 0.20058362158017404 174 76 0.5313236561975766
22 18 4 174 76 0.3165343050422103 175 76 0.17004247273558867 174 77 0.3339988060688987 175 77 0.17942441615330232
22 19 4 174 77 0.019043810618470287 175 77 0.6860170227148783 174 78 0.007966356048193051 175 78 0.28697281061845836
22 20 4 175 78 0.37263856181532046 176 78 0.5509063270735919 175 79 0.03084866040690429 176 79 0.045606450704183316
22 21 4 176 78 0.11077750307716412 177 78 0.0312514413672979 176 79 0.6691867747006078 177 79 0.1887842808549301
22 22 4 176 79 0.05639913440400408 177 79 0.30411386559602177 176 80 0.10004219892932935 177 80 0.5394448010706449
22 23 4 177 80 0.3085581780180871 178 80 0.27043887753748835 177 81 0.22436021087080066 178 81 0.19664273357362388
22 24 4 178 81 0.7252256894749463 179 81 0.07225542163617882 178 82 0.18416975496949228 179 82 0.018349133919382647
22 25 4 178 81 0.0045640021079230795 179 81 0.011401164558765822 178 82 0.28130849789208046 179 82 0.7027263354412306
22 26 4 179 82 0.1552873381392545 180 82 0.07916188408299825 179 83 0.5070622174162999 180 83 0.25848856036144746
22 27 4 179 83 0.017585864235558475 180 83 0.4353474135422439 179 84 0.021240746875550158 180 84 0.5258259753466475
22 28 4 180 84 0.2788420803968941 181 84 0.39257525293645784 180 85 0.13646158626976881 181 85 0.19212108039687922
22 29 4 181 85 0.70460676440102 182 85 0.1852946244878958 181 86 0.08717395782119729 182 86 0.022924653289886916
22 30 4 181 85 0.01823669402568503 182 85 0.09014875041879458 181 86 0.1500210837520937 182 86 0.7415934718034267
22 31 4 182 86 0.17805720260426583 183 86 0.1488122973957634 182 87 0.3666776307290672 183 87 0.30645286927090354
22 32 4 183 87 0.5023861790256237 184 87 0.042967376529955206 183 88 0.4188257098632602 184 88 0.03582073458116096
22 33 4 183 88 0.22738601217863733 184 88 0.5364515989325054 183 89 0.07030293226580085 184 89 0.16585945662305648
22 34 4 184 89 0.66224786873001 185 89 0.3200737979366824 184 90 0.01191813126998259 185 90 0.005760202063325116
22 35 4 184 89 0.010169415346374847 185 89 0.19063630687588126 184 90 0.04047364020917908 185 90 0.7587206375685648
22 36 4 185 90 0.17908709647220827 186 90 0.24020268130559747 185 91 0.24803301463889998 186 91 0.3326772075832943
22 37 4 186 91 0.5125132454408321 187 91 0.1252605878925375 186 92 0.29108392122583054 187 92 0.07114224544079992
22 38 4 186 92 0.1541899733633182 187 92 0.7020679155256152 186 93 0.025884248858905824 187 93 0.11785786225216079
