background
2D
90
1 -1 2 105 18 0.8719652499999881 106 18 0.12803475000001185
23 -1 2 123 31 0.7557226666666708 122 31 0.24427733333332924
43 -2 2 139 42 0.6284936249999973 140 42 0.3715063750000027
0 -2 4 104 16 0.03205983041456229 105 16 0.35602241958543424 104 17 0.050551086252104575 105 17 0.5613666637478989
0 -1 4 104 17 0.3950636819640512 105 17 0.19176002636927575 104 18 0.27816010970260646 105 18 0.13501618196406656
1 -2 4 105 17 0.2243699026460111 106 17 0.5730994723539804 105 18 0.05698247235398623 106 18 0.14554815264602228
2 -2 4 106 17 0.09931053003490901 107 17 0.10754596996507744 106 18 0.38078330329841875 107 18 0.4123601967015948
2 -1 4 105 18 0.02867849654046335 106 18 0.37691946179285357 105 19 0.04202821179285525 106 19 0.5523738298738279
3 -2 4 107 18 0.41832792091458115 108 18 0.19791570408540027 107 19 0.2605073707520771 108 19 0.1232490042479415
3 -1 4 106 19 0.2195962365648271 107 19 0.5953888467684848 106 20 0.04985193010182197 107 20 0.13516298656486617
4 -2 4 108 18 0.022492950285066794 109 18 0.0031377997149380143 108 19 0.8550837997149361 109 19 0.11928545028505909
4 -1 4 107 19 0.1050487400800047 108 19 0.11932346825333057 107 20 0.363140884919989 108 20 0.4124869067466757
5 -2 4 108 19 0.033199784812973955 109 19 0.4018180901870258 108 20 0.043118423520359404 109 20 0.5218637014796408
5 -1 4 108 20 0.42267379875260325 109 20 0.21108553458072699 108 21 0.24425728458072093 109 21 0.12198338208594883
6 -2 4 109 20 0.23226175783167483 110 20 0.61214324216832 109 21 0.042797908835003215 110 21 0.11279709116500204
6 -1 4 109 20 0.03735070424932465 110 20 0.00579575408400055 109 21 0.8283218374173442 110 21 0.1285317042493306
7 -2 4 110 20 0.1202469943411379 111 20 0.13354513065885182 110 21 0.3535541306588706 111 21 0.3926537443411397
7 -1 4 109 21 0.02914949823683217 110 21 0.423384085096488 109 22 0.03526450176316714 110 22 0.5122019149035127
8 -2 4 111 21 0.44601628600805593 112 21 0.21716296399192878 111 22 0.22652629732528304 112 22 0.1102944526747323
8 -1 4 110 22 0.22681913904844178 111 22 0.6351015692848734 110 23 0.03633631928488798 111 23 0.10174297238179689
9 -2 4 112 21 0.06322592449910619 113 21 0.009340450500901883 112 22 0.8080581171675633 113 22 0.11937550783242873
9 -1 4 111 22 0.1253162516841812 112 22 0.14599158164915732 111 23 0.336580664982479 112 23 0.39211150168418246
10 -2 4 112 22 0.033749034814250144 113 22 0.4482044651857529 112 23 0.03627646518574971 113 23 0.48177003481424724
10 -1 4 112 23 0.4496932111440198 113 23 0.23100174718931368 112 24 0.21094516385597087 113 24 0.10835987781069563
11 -2 4 113 23 0.23956290862017907 114 23 0.651777716379819 113 24 0.02920404971315125 114 24 0.07945532528685074
11 -1 4 113 23 0.07741472576131415 114 23 0.012667357572014303 113 24 0.781965107572007 114 24 0.12795280909466455
12 -2 4 114 23 0.1405927542502241 115 23 0.16013499574976886 114 24 0.32691566241643666 115 24 0.3723565875835704
12 -1 4 113 24 0.029029795536052654 114 24 0.47043941279727075 113 25 0.029091496130598932 114 25 0.47143929553607766
13 -2 4 115 24 0.47311394670437634 116 24 0.2370009282956116 115 25 0.19313592829561488 116 25 0.0967491967043972
13 -1 4 114 25 0.23345133713489652 115 25 0.6754049961984219 114 26 0.023411412865085534 115 26 0.06773225380159607
14 -2 4 116 24 0.10336819431598551 117 24 0.016133805683997388 116 25 0.7616231390173503 117 25 0.11887486098266672
14 -1 4 115 25 0.14499305889120928 116 25 0.17325039944210407 115 26 0.31061114944211743 116 26 0.3711453922245692
15 -2 4 116 25 0.033707580418389047 117 25 0.4951815445815888 116 26 0.0300252112482773 117 26 0.44108566375174485
15 -1 4 116 26 0.4761219191382823 117 26 0.25150866419502604 116 27 0.1782237475283749 117 27 0.09414566913831679
16 -2 4 117 26 0.24627335501157316 118 26 0.692002894988428 117 27 0.01620089498843785 118 27 0.04552285501156089
16 -1 4 117 26 0.11688804287617074 118 26 0.02012966545716097 117 27 0.7361990821238311 118 27 0.1267832095428372
17 -2 4 118 26 0.16034780976218338 119 26 0.18731556523781284 118 27 0.3008678985711581 119 27 0.3514687264288457
17 -1 4 117 27 0.028319388438151863 118 27 0.5180854448951748 117 28 0.023509194895180427 118 28 0.4300859717714929
18 -2 4 119 27 0.4996209030035815 120 27 0.2574295969964097 119 28 0.16033626366309042 120 28 0.08261323633691839
18 -1 4 118 28 0.23949283082424158 119 28 0.7162991275090801 118 29 0.011077210842421158 119 29 0.0331308308242572
19 -2 4 120 27 0.14291975973575413 121 27 0.023517865264232024 120 28 0.7157788652642483 121 28 0.1177835097357656
19 -1 4 119 28 0.164079161701115 120 28 0.2010999216322016 119 29 0.2852323382988782 120 29 0.3495885783678052
20 -2 4 120 28 0.033075421625394466 121 28 0.5427493283745867 120 29 0.024364661707938374 121 29 0.3998105882920805
20 -1 4 120 29 0.5019599227354281 121 29 0.2726062855978835 120 30 0.1460930355978956 121 30 0.07934075606879282
21 -2 4 121 29 0.25239309700580514 122 29 0.7328187779941994 121 30 0.0037884446608581696 122 30 0.01099968033913732
21 -1 4 121 29 0.15577065559388797 122 29 0.028182677739447003 121 30 0.6910237610727662 122 30 0.1250229055938989
22 -2 4 122 29 0.17951216087699728 123 29 0.2150868391230022 122 30 0.27541083912299646 123 30 0.32999016087700406
22 -1 4 121 30 0.027018276943100064 122 30 0.5663221813902298 121 31 0.018517598056884507 122 31 0.38814194360978554
23 -2 4 123 30 0.5255371549056411 124 30 0.2784489700943534 123 31 0.12812730342769735 124 31 0.06788657157230822
24 -2 4 124 30 0.1818806207583873 125 30 0.031492629241602135 124 31 0.6705252959082816 125 31 0.11610145409172899
24 -1 4 123 31 0.18257456011388526 124 31 0.2295401482194346 123 32 0.26044423155277446 124 32 0.32744106011390567
25 -2 4 124 31 0.03185255843526441 125 31 0.59090781656472 124 32 0.01929481656473492 125 32 0.3579448084352807
25 -1 4 124 32 0.5272072219354383 125 32 0.29429461139787644 124 33 0.11455302806455178 125 33 0.06394513860213338
26 -2 4 125 31 0.008033301269578057 126 31 0.024114198730401288 125 32 0.24185553206375174 126 32 0.7259969679362689
26 -1 4 125 32 0.19406256391444776 126 32 0.036826394418862034 125 33 0.6464391444188728 126 33 0.12267189724781737
27 -2 4 126 32 0.19808580759466793 127 32 0.24344881740530638 126 33 0.2505444840719923 127 33 0.3079208909280334
27 -1 4 125 33 0.025126461050919445 126 33 0.6151496222823853 125 34 0.014116705615731619 126 34 0.3456072110509636
28 -2 4 127 33 0.5508627024105531 128 33 0.3000590475894446 127 34 0.0965090475894376 128 34 0.052569202410564696
28 -1 4 126 33 0.011819080011503058 127 33 0.0378441283218251 126 34 0.22616554498847846 127 34 0.7241712466781934
29 -2 4 128 33 0.22025077738388496 129 33 0.04005809761610772 128 34 0.6258624309494504 129 34 0.11382869405055691
29 -1 4 127 34 0.20047925412952003 128 34 0.25857107920380307 127 35 0.23624682920380616 128 35 0.30470283746287075
30 -2 4 128 34 0.030038990847998878 129 34 0.6396570091519888 128 35 0.014815675818666942 129 35 0.3154883241813454
30 -1 4 128 35 0.5518638167383132 129 35 0.3165736415950049 128 36 0.08360372492834343 129 36 0.047958816738338475
31 -2 4 129 34 0.01926434280288609 130 34 0.05981878219709651 129 35 0.2243317821971102 130 35 0.6965850928029073
31 -1 4 129 35 0.23176376783789618 130 35 0.046060815495416886 129 36 0.6024452321620909 130 36 0.11973018450459601
32 -2 4 130 35 0.21606874991522296 131 35 0.2724015000847546 130 36 0.226268833418118 131 36 0.28526091658190444
32 -1 4 129 36 0.022643940761614408 130 36 0.6645677675716937 129 37 0.010306517571717359 130 37 0.3024817740949746
33 -2 4 131 36 0.5755975455183356 132 36 0.32225982948163695 131 37 0.0654814961483358 132 37 0.03666112885169166
33 -1 4 130 36 0.02238116884275643 131 36 0.07421766449054656 130 37 0.2093107478239058 131 37 0.6940904188427912
34 -2 4 132 36 0.25803022961222327 133 36 0.04921427038774422 132 37 0.5817902703877785 133 37 0.11096522961225391
34 -1 4 131 37 0.2177932437480071 132 37 0.28819271458529083 131 38 0.21264013125198558 132 38 0.2813739104147165
35 -2 4 132 37 0.02763471886360806 133 37 0.6889969061363829 132 38 0.010927239469738463 133 38 0.27244113553027066
35 -1 4 132 38 0.5759297071440656 133 38 0.3394433761892558 132 39 0.05324512618927177 133 39 0.031381790477406885
36 -2 4 133 37 0.029904679939060444 134 37 0.09611407006092541 133 38 0.20739873672761655 134 38 0.6665825132723976
36 -1 4 133 38 0.2688742673642137 134 38 0.055885940969102606 133 39 0.5590420243024541 134 39 0.1161977673642296
37 -2 4 134 38 0.23346098783863625 135 38 0.3019448871613446 134 39 0.20258388716137118 135 39 0.26201023783864796
37 -1 4 133 39 0.0195707160751648 134 39 0.7145766172581465 133 40 0.0070870339248334585 134 40 0.25876563274185527
38 -2 4 135 39 0.599741684228989 136 39 0.34505131577098686 135 40 0.03504464910434895 136 40 0.020162350895675255
38 -1 4 134 39 0.032352553276880386 135 39 0.11118190505642586 134 40 0.19304665505644833 135 40 0.6634188866102454
39 -2 4 136 39 0.29521897744344766 137 39 0.0589611475565231 136 40 0.5383088142232135 137 40 0.10751106077681566
39 -1 4 135 40 0.2345165289693711 136 40 0.3184050543639301 135 41 0.18962413769728806 136 41 0.25745427896941075
40 -2 4 136 40 0.024639742482055974 137 40 0.7389275075179381 136 41 0.007629507517935726 137 41 0.22880324248207012
40 -1 4 136 41 0.5994048931526633 137 41 0.3629038151806613 136 42 0.02347723184733344 137 42 0.014214059819341957
41 -2 4 137 40 0.03995431267809574 138 40 0.13300006232189338 137 41 0.19105639565523352 138 41 0.6359892293447774
41 -1 4 137 41 0.30539406249339185 138 41 0.06630177083992775 137 42 0.5162295208399424 138 42 0.11207464582673796
42 -2 4 138 41 0.2502625213649099 139 41 0.3320789786350742 138 42 0.1794896453017569 139 42 0.23816885469825902
42 -1 4 137 42 0.015906786991585268 138 42 0.7651761713417292 137 43 0.004458254675086588 138 43 0.21445878699159887
43 -1 4 138 42 0.041733233313870216 139 42 0.1487368500194393 138 43 0.1773732666861321 139 43 0.6321566499805584
44 -2 4 140 42 0.3318170208775388 141 42 0.06929872912243526 140 43 0.49541806245578895 141 43 0.103466187544237
44 -1 4 139 43 0.25064910979360394 140 43 0.34920809853970053 139 44 0.16719884853972886 140 44 0.23294394312696667
