background
2D
78
-2 1 2 145 78 0.8077971666666599 145 79 0.1922028333333401
-2 11 2 151 86 0.7715763888888745 152 86 0.22842361111112552
-1 11 2 152 86 0.3838393333333272 152 85 0.6161606666666728
-1 19 2 157 91 0.36403311111111236 157 92 0.6359668888888876
-2 0 4 144 77 0.37146101305508117 145 77 0.21785209805602912 144 78 0.2588677647226886 145 78 0.15181912416620114
-2 2 4 145 78 0.0100731427768645 146 78 0.016208079445359232 145 79 0.3732097461120139 146 79 0.6005090316657624
-2 3 4 146 79 0.18596285384637976 147 79 0.0588024239314078 146 80 0.5737970905980601 147 80 0.18143763162415236
-2 4 4 146 80 0.06311169942533115 147 80 0.400137633908006 146 81 0.07312530057466302 147 81 0.46362536609199984
-2 5 4 147 81 0.34953429062484903 148 81 0.33219909826403776 147 82 0.16317976493069944 148 82 0.15508684618041377
-2 6 4 148 82 0.8004653496671459 149 82 0.09975209477729052 148 83 0.08872576144395694 149 83 0.011056794111606654
-2 7 4 148 82 0.03153520988558688 149 82 0.08716629011442756 148 83 0.23413295678107737 149 83 0.6471655432189082
-2 8 4 149 83 0.2165220935023499 150 83 0.12066346205321414 149 84 0.4256231287198687 150 84 0.23719131572456725
-2 9 4 149 84 0.010347833850774266 150 84 0.5453217772603394 149 85 0.00827444392699155 150 85 0.43605594496189476
-2 10 4 150 85 0.305867597597544 151 85 0.4682860690691193 150 86 0.08923173573577613 151 86 0.13661459759756056
-2 12 4 151 86 0.031257306397234716 152 86 0.17986447138055622 151 87 0.1167961380472012 152 87 0.6720820841750078
-2 13 4 152 87 0.2253413625612496 153 87 0.20426447077209098 152 88 0.29918913743874065 153 88 0.2712050292279188
-2 14 4 153 88 0.5839338865680435 154 88 0.06415600232084676 153 89 0.3170736689875011 154 89 0.034836442123608674
-2 15 4 153 89 0.2404609339731764 154 89 0.6261130104712634 153 90 0.0370236771379225 154 90 0.0964023784176377
-2 16 4 154 89 0.055624671443334564 155 89 0.029433328556669067 154 90 0.5983369952233186 155 90 0.3166050047766777
-2 17 4 154 90 0.00923943231181597 155 90 0.2943026232437515 154 91 0.021199289910398694 155 91 0.6752586545340339
-2 18 4 155 91 0.21242066102308427 156 91 0.3096054500880328 155 92 0.19449511675468473 156 92 0.2834787721341982
-2 19 4 156 92 0.5801103575771315 157 92 0.1603998090895352 156 93 0.20328247575619182 157 93 0.05620735757714148
-2 20 4 156 93 0.15331429975175045 157 93 0.80567992247048 156 94 0.006555589137134307 157 94 0.034450188640635176
-2 21 4 157 93 0.0951899319913725 158 93 0.08228834578640763 157 94 0.4411570124530595 158 94 0.38136470976916037
-2 22 4 158 94 0.36144392096267375 159 94 0.0345184123706702 158 95 0.5513800790373197 159 95 0.05265758762933638
-2 23 4 158 95 0.1777599888878515 159 95 0.4366864000010421 158 96 0.11154106666769625 159 96 0.27401254444341017
-2 24 4 159 96 0.5545468579891557 160 96 0.2783835864553017 159 97 0.1112312531219393 160 97 0.055838302433603305
-2 25 4 159 96 0.0021725282665840686 160 96 0.04924197173343717 159 97 0.040082638400079446 160 97 0.9085028615998993
-2 26 4 160 97 0.1130152219423509 161 97 0.15688333361321996 160 98 0.3057170002798669 161 98 0.4243844441645622
-2 27 4 161 98 0.3883663834608967 162 98 0.10001622765022379 161 99 0.4068428943168755 162 99 0.10477449457200404
-2 28 4 161 99 0.12135934615555131 162 99 0.5855073205111188 161 100 0.05032698717777519 162 100 0.24280634615555471
-2 29 4 162 100 0.5072433878041132 163 100 0.41810733441812076 162 101 0.04092000108476768 163 101 0.033729276692998404
-2 30 4 163 100 0.13299545285102946 164 100 0.010839324926768272 163 101 0.7916449915934057 164 101 0.06452023062879657
-2 31 4 163 101 0.10910054129625041 164 101 0.25321829203709695 163 102 0.19201695870373908 164 102 0.44566420796291356
-2 32 4 164 102 0.393548875362048 165 102 0.18725401352684892 164 103 0.2840456801934958 165 103 0.13515143091760726
-2 33 4 164 103 0.043218732826178025 165 103 0.7560682116182685 164 104 0.010852878284920122 165 104 0.18986017727063328
-2 34 4 165 103 0.0076512803553375665 166 103 0.01011971964467285 165 104 0.4228973863113149 166 104 0.5593316136886747
-2 35 4 166 104 0.19066390683838658 167 104 0.04559114871718767 166 105 0.6163618153838273 167 105 0.14738312906059842
-2 36 4 166 105 0.08344589005308442 167 105 0.3712932210580394 166 106 0.10005688772468382 167 106 0.44520400116419234
-2 37 4 167 106 0.37699139666613546 168 106 0.296231770000538 167 107 0.18298843666718712 168 107 0.1437883966661394
-2 38 4 168 107 0.8350453711219851 169 107 0.05666185110025222 168 108 0.10141151776689893 169 108 0.0068812600108637675
-1 0 4 145 76 0.18065797535160072 146 76 0.032178080203955226 145 77 0.6681548579817257 146 77 0.11900908646271831
-1 1 4 145 77 0.09717205990776069 146 77 0.3341480512033449 145 78 0.1281178289811201 146 78 0.4405620599077743
-1 2 4 146 78 0.3910306678622641 147 78 0.2587734988044053 146 79 0.210736276582171 147 79 0.1394595567511596
-1 3 4 147 79 0.8493977436595633 148 79 0.018890478562669892 147 80 0.12884625634043323 148 80 0.0028655214373335468
-1 4 4 147 79 0.030779953966294602 148 79 0.05599232381148824 147 80 0.32394110158925626 148 80 0.5892866206329609
-1 5 4 148 80 0.2232028543380346 149 80 0.08205347899529786 148 81 0.5079952567730707 149 81 0.18674840989359692
-1 6 4 148 81 0.05639383366367146 149 81 0.4673465552252106 148 82 0.05128133300298809 149 82 0.4249782781081298
-1 7 4 149 82 0.3593496141654319 150 82 0.38287483027901403 149 83 0.1248026080567891 150 83 0.132972947498765
-1 8 4 150 83 0.8268138625099782 151 83 0.1338946374900315 150 84 0.03381541526779708 151 84 0.0054760847321931845
-1 9 4 150 83 0.04248768980840765 151 83 0.1367048657471517 150 84 0.194618643524922 151 84 0.6261888009195187
-1 10 4 151 84 0.24400776272739821 152 84 0.15366884838371075 151 85 0.36957562616147865 152 85 0.23274776272741238
-1 12 4 152 86 0.30592858987152693 153 86 0.5287161323507097 152 87 0.060608910128465726 153 87 0.10474636764929765
-1 13 4 153 86 0.039475455207771265 154 86 0.013653322570014977 153 87 0.7035391003477757 154 87 0.24333212187443806
-1 14 4 153 87 0.03245545505345134 154 87 0.2391573782798845 153 88 0.08703615605764996 154 88 0.6413510106090142
-1 15 4 154 88 0.24307270051970364 155 88 0.24702418836919604 154 89 0.252895966146952 155 89 0.25700714496414834
-1 16 4 155 89 0.6181984138287332 156 89 0.0903825306157161 155 90 0.25424730839347676 156 90 0.03717174716207394
-1 17 4 155 90 0.2307675949805529 156 90 0.6962974050194602 155 91 0.018155182797218488 156 91 0.05477981720276838
-1 18 4 156 90 0.09102635508627191 157 90 0.054522700469290836 156 91 0.5343734782470538 157 91 0.3200774661973834
-1 20 4 157 92 0.22039766771493707 158 92 0.3621194989517391 157 93 0.1579562767295044 158 93 0.2595265566038194
-1 21 4 158 93 0.6046205535712159 159 93 0.19638066865100992 158 94 0.15021044642877282 159 94 0.04878833134900137
-1 22 4 158 93 0.0025585739369613277 159 93 0.016926703840828304 158 94 0.12874948161858882 159 94 0.8517652406036216
-1 23 4 159 94 0.12083728436770513 160 94 0.11713204896563412 159 95 0.38694782674339934 160 95 0.3750828399232614
-1 24 4 160 95 0.40362446264122787 161 95 0.052828926247660994 160 96 0.48063770402543093 161 96 0.0629089070856802
-1 25 4 160 96 0.17598266431309958 161 96 0.49895478013135314 160 97 0.08475655790912066 161 97 0.24030599764642666
-1 26 4 161 97 0.5693027227166402 162 97 0.32411877728337635 161 98 0.06791355506112726 162 98 0.038664944938856215
-1 27 4 161 97 0.001532360074072927 162 97 0.11037319548149321 161 98 0.012160973259248862 162 98 0.875933471185185
-1 28 4 162 98 0.12890824305206858 163 98 0.20148136805904718 162 99 0.2612621458368075 163 99 0.40834824305207673
-1 29 4 163 99 0.42079259387285406 164 99 0.12808107279382552 163 100 0.3458548505715764 164 100 0.10527148276174404
-1 30 4 163 100 0.1098276903141967 164 100 0.6575300319080467 163 101 0.03329680968580229 164 101 0.1993454680919543
-1 31 4 164 101 0.5122449212649933 165 101 0.47359685651279965 164 102 0.007356634290559946 165 102 0.006801587931647027
-1 32 4 165 101 0.1830920089474599 166 101 0.021233824385882758 165 102 0.7129866021636406 166 102 0.0826875645030167
-1 33 4 165 102 0.11523923113937018 166 102 0.3075706577495363 165 103 0.1573164355272847 166 103 0.41987367558380884
-1 34 4 166 103 0.41622075450740353 167 103 0.22507318993705255 166 104 0.23281196771480567 167 104 0.12589408784073824
-1 35 4 166 104 0.02193274571821659 167 104 0.8378452542818033 166 105 0.003577032059554046 167 105 0.13664496794042605
-1 36 4 167 104 0.03146031588294015 168 104 0.046801739672629385 167 105 0.37052651745038484 168 105 0.5512114269940457
-1 37 4 168 105 0.23100613166822434 169 105 0.065739979442909 168 106 0.5474577572206549 169 106 0.15579613166821168
-1 38 4 168 106 0.07983024862960467 169 106 0.4353999180370925 168 107 0.07511069581483606 169 107 0.4096591375184668
