background
2D
42
0 -2 4 170 132 0.25219712970218944 171 132 0.632341223238974 170 133 0.032920105591919685 171 133 0.08254154146691686
0 -1 4 171 132 0.088361027704028 172 132 0.04581056053126208 171 133 0.5702063252371449 172 133 0.29562208652756505
1 -2 4 171 131 0.27330467433563105 172 131 0.23778356095847936 171 132 0.26144579625259406 172 132 0.22746596845329553
1 -1 4 172 132 0.6908876870714509 173 132 0.0698337835167862 172 133 0.217312901163838 173 133 0.021965628247924984
2 -2 4 172 130 0.10796109679065784 173 130 0.02967702085638531 172 131 0.6764226090916868 173 131 0.18593927326127008
2 -1 4 172 131 0.0611245183781118 173 131 0.326146834563058 172 132 0.09670930515129654 173 132 0.5160193419075337
3 -2 4 172 130 0.025995338243759443 173 130 0.7381926617562307 172 131 0.0080216029327047 173 131 0.2277903970673052
3 -1 4 173 130 0.005631698094601676 174 130 0.008189537199515042 173 131 0.40183536072892617 174 131 0.584343403976957
4 -2 4 173 129 0.11083286928314733 174 129 0.2799050130697755 173 130 0.17281730718743277 174 130 0.4364448104596444
4 -1 4 174 130 0.42078804975032047 175 130 0.21958306789672896 174 131 0.23631224436732332 175 131 0.12331663798562721
5 -2 4 174 128 0.0092192781441316 175 128 0.00806848656173819 174 129 0.524064133620568 175 129 0.4586481016735622
5 -1 4 175 129 0.24202622040411403 176 129 0.024894779595882387 175 130 0.6647073090076493 176 130 0.06837169099235428
6 -2 4 175 128 0.5040712118855171 176 128 0.13976643517328546 175 129 0.27884543517330207 176 129 0.0773169177678954
6 -1 4 175 129 0.13970915123243802 176 129 0.7537617311204912 175 130 0.01665761347344484 176 130 0.08987150417362601
7 -2 4 175 127 0.008801082272053225 176 127 0.26158644713969625 175 128 0.023748800080881875 176 128 0.7058636705073686
7 -1 4 176 128 0.21112843047058508 177 128 0.308892334235291 176 129 0.19487156952941373 177 129 0.2851076657647102
8 -2 4 176 127 0.25310059518603883 177 127 0.6438368165786577 176 128 0.029082522461012245 177 128 0.07398006577429132
8 -1 4 177 127 0.09609658753032799 178 127 0.05047405952849507 177 128 0.5595366477637868 178 128 0.2938927051773902
9 -2 4 177 126 0.2783991035686795 178 126 0.24508819054894973 177 127 0.2534172493724911 178 127 0.2230954565098797
9 -1 4 178 127 0.6998800929998873 179 127 0.07324043641186845 178 128 0.20538637758834694 179 128 0.021493092999897268
10 -2 4 178 125 0.11724648977291674 179 125 0.03279068669765939 178 126 0.6642030984623698 179 126 0.18575972506705407
10 -1 4 178 126 0.061908829232230275 179 126 0.33776158253247246 178 127 0.09299087665011997 179 127 0.5073387115851773
11 -2 4 178 125 0.024138518504631605 179 125 0.7524485403188773 178 126 0.006944305024774449 179 126 0.2164686361517167
11 -1 4 179 125 0.010606972697919173 180 125 0.015613321419716317 179 126 0.3939259684785506 180 126 0.579853737403814
12 -2 4 179 124 0.1131670132932247 180 124 0.2899699278832311 179 125 0.1675490455302973 180 125 0.42931401329324687
12 -1 4 180 125 0.42702017045579044 181 125 0.22575000601479203 180 126 0.22714600601479532 181 126 0.12008381751462226
13 -2 4 180 123 0.015744385903413753 181 123 0.013942437625989021 180 124 0.5146049082142278 181 124 0.45570826825636945
13 -1 4 181 124 0.25244930485878875 182 124 0.026870753964740663 181 125 0.6513501069059165 182 125 0.0693298342705541
14 -2 4 181 123 0.511853165746946 182 123 0.14438354013538957 181 124 0.2681293636648151 182 124 0.07563393045284938
14 -1 4 181 124 0.13899002296572646 182 124 0.7668799182107356 181 125 0.014442624093098298 182 125 0.07968743473043957
15 -2 4 181 122 0.008374941059154858 182 122 0.2744116471761276 181 123 0.021240823646725707 182 123 0.6959725881179918
15 -1 4 182 123 0.21460026595308015 183 123 0.31781955757632896 182 124 0.18846561639986412 183 124 0.27911456007072677
16 -2 4 182 122 0.25393130007528214 183 122 0.6554051705129331 182 123 0.025317699924710856 183 123 0.06534582948707394
16 -1 4 183 122 0.10375938676201663 184 122 0.0552103191203252 183 123 0.54893973088504 184 123 0.2920905632326181
17 -2 4 183 121 0.2834207722071315 184 121 0.25246558073403064 183 122 0.24546146308698094 184 122 0.2186521839718569
17 -1 4 184 122 0.708799738333732 185 122 0.07671984990155678 184 123 0.1935326146074442 185 123 0.020947797157267016
18 -2 4 184 120 0.12645912216057356 185 120 0.035977113133535556 184 121 0.6520563484276549 185 121 0.185507416278236
18 -1 4 184 121 0.0626203794917474 185 121 0.34944909109648836 184 122 0.08934520874354654 185 122 0.4985853206682177
19 -2 4 184 120 0.022208938170902172 185 120 0.7667771794761397 184 121 0.005939767711445795 185 121 0.20507411464151235
19 -1 4 185 120 0.015509486706640452 186 120 0.023109866234528022 185 121 0.386089336822773 186 121 0.5752913102360585
20 -2 4 185 119 0.11542839670870074 186 119 0.30010760329128805 185 120 0.16235354446776495 186 120 0.42211045553224624
20 -1 4 186 120 0.43317953056666064 187 120 0.23198970472745478 186 121 0.21805252825687055 187 121 0.11677823644901401
