background
2D
42
7 42 2 61 160 0.46427995238094866 61 161 0.5357200476190513
9 43 2 64 160 0.1486689047619052 63 160 0.8513310952380948
11 42 2 64 158 0.9549133809523909 64 157 0.04508661904760913
0 42 4 55 165 0.25330227237190356 56 165 0.6945660133423893 55 166 0.013931346675726567 56 166 0.03820036760998061
0 43 4 56 165 0.12164966334551697 57 165 0.07391852713067759 56 166 0.5003822890354338 57 166 0.30404952048837164
1 42 4 56 164 0.3053916004450706 57 164 0.28767835193587316 56 165 0.20954192336446123 57 165 0.19738812425459504
1 43 4 57 165 0.7312443292826016 58 165 0.10952552786024379 57 166 0.13848752786027924 58 166 0.020742614996875287
2 42 4 57 163 0.18171390176555527 58 163 0.056557717282067786 57 164 0.5809195268058783 58 164 0.18080885414649864
2 43 4 57 164 0.057068492276490725 58 164 0.42890303153303405 57 165 0.060363269628263515 58 165 0.4536652065622117
3 42 4 57 163 0.009129223952407828 58 163 0.8743440617618804 57 164 0.001204109380955897 58 164 0.11532260490475592
3 43 4 58 163 0.04789548566055768 59 163 0.08327770481563224 58 164 0.3172361810061267 59 164 0.5515906285176834
4 42 4 58 162 0.13641570986270263 59 162 0.3922592425182507 58 163 0.12161752823253441 59 163 0.3497075193865123
4 43 4 59 163 0.4757870237204779 60 163 0.30058783342237716 59 164 0.13704454770807986 60 164 0.0865805951490651
5 42 4 59 161 0.08793516902033044 60 161 0.08594145002728798 59 162 0.41779797383683676 60 162 0.4083254071155448
5 43 4 60 162 0.36277986836106074 61 162 0.05879665544845942 60 163 0.4977516078294271 61 163 0.08067186836105271
6 42 4 60 161 0.6171206490443152 61 161 0.2019576366699684 60 162 0.1363123985747538 61 162 0.04460931571096267
6 43 4 60 161 0.0072274957727411415 61 161 0.05955069470344413 60 162 0.10100388517967689 61 162 0.8322179243441379
7 43 4 61 161 0.2534159059555322 62 161 0.4585639511873182 61 162 0.10251537975875913 62 162 0.18550476309839048
8 42 4 61 159 0.027242624072245255 62 159 0.08223899497536852 61 160 0.22159023307062714 62 160 0.668928147881759
8 43 4 62 160 0.2156059084332487 63 160 0.1415756153762668 62 161 0.3880252820429728 63 161 0.25479319414751167
9 42 4 62 159 0.3747249762190807 63 159 0.3799583094951982 62 160 0.12180778568569346 63 160 0.12350892860002764
10 42 4 63 158 0.29760744447035725 64 158 0.10227750791060099 63 159 0.4466252221963186 64 159 0.15348982542272313
10 43 4 63 159 0.06413097598773072 64 159 0.5834538811551292 63 160 0.03490002401229423 64 160 0.3175151188448458
11 43 4 64 158 0.10151813630256278 65 158 0.1912683875069481 64 159 0.2452127684593355 65 159 0.46200070773115365
12 42 4 64 157 0.16541549119099602 65 157 0.5248727945232924 64 158 0.07421698499948332 65 158 0.23549472928622822
12 43 4 65 158 0.5575690793885527 66 158 0.3804191110876375 65 159 0.036861730135275717 66 159 0.02515007938853409
13 42 4 65 156 0.16349511727941365 66 156 0.17199483510152572 65 157 0.3238372636729958 66 157 0.3406727839460648
13 43 4 66 157 0.4911220909599103 67 157 0.09206776618293082 66 158 0.3510086233258483 67 158 0.0658015195313106
14 42 4 66 156 0.7208400023294118 67 156 0.25985161671820683 66 157 0.014192283384870948 67 157 0.005116097567510352
14 43 4 66 156 0.02051655196904118 67 156 0.20787497184047926 66 157 0.06931406707859072 67 157 0.7022944091118889
15 42 4 67 155 0.6150854796743384 68 155 0.010807806039931226 67 156 0.36764671080187455 68 156 0.006460003483855811
15 43 4 67 156 0.2948643671778886 68 156 0.5787288232982827 67 157 0.042666156631673426 68 157 0.08374065289215524
16 42 4 67 154 0.06246897788561129 68 154 0.20862597449533765 67 155 0.167963117352475 68 155 0.5609419302665761
16 43 4 68 155 0.3036145365863671 69 155 0.2151803205564836 68 156 0.28161589198506826 69 156 0.19958925087208104
17 42 4 68 154 0.4381107350584821 69 154 0.47818588398911777 68 155 0.040021264941534365 69 155 0.04368211601086579
17 43 4 69 154 0.13659767924216137 70 154 0.027398844567340215 69 155 0.6963326540912042 70 155 0.13967082209929427
18 42 4 69 153 0.407553370240547 70 153 0.15394491547373218 69 154 0.31827853452137117 70 154 0.12022317976434965
18 43 4 69 154 0.06524584276433089 70 154 0.74395234771185 69 155 0.015384395330907942 70 155 0.17541741419291115
19 42 4 70 152 0.20122897866989428 71 152 0.005470973711035813 70 153 0.7723028308539256 71 153 0.020997216765144284
19 43 4 70 153 0.14919317000998317 71 153 0.30520668713284865 70 154 0.17913697284718583 71 154 0.36646317000998235
20 42 4 70 152 0.1884676555846844 71 152 0.663433963462925 70 153 0.032764058701037234 71 153 0.11533432225135336
20 43 4 71 152 0.05737347050292188 72 152 0.04222805330658927 71 153 0.5186565771161205 72 153 0.38174189907436845
