background
2D
42
4 40 2 174 104 0.06981300000002477 174 105 0.9301869999999752
0 39 4 170 106 0.26789288560417945 171 106 0.0893442810624988 170 107 0.48200916995136167 171 107 0.16075366338196007
0 40 4 170 107 0.07275913631224655 171 107 0.5029620859099956 170 108 0.05361997479885956 171 108 0.37065880297889836
1 39 4 171 106 0.9497544699317896 172 106 0.031005641179334402 171 107 0.018631641179308316 172 107 0.000608247709567751
1 40 4 171 106 0.06871197425653429 172 106 0.13053219241015346 171 107 0.27615119241012853 172 107 0.5246046409231837
2 39 4 171 105 0.11292247530550457 172 105 0.491360580250065 171 106 0.07394769136115 172 106 0.3217692530832804
2 40 4 172 106 0.4635035665802573 173 106 0.3592635445308761 172 107 0.09984365564196226 173 107 0.0773892332469043
3 39 4 172 104 0.09234212394755764 173 104 0.13546387605245763 172 105 0.31301209827464654 173 105 0.4591819017253382
3 40 4 173 105 0.34892352439453 174 105 0.0973665311610491 173 106 0.43290775338323917 174 106 0.12080219106118173
4 39 4 173 104 0.5310915825245976 174 104 0.3202373619198633 173 105 0.09274669525317035 174 105 0.0559243603023687
5 39 4 174 103 0.3999783510366371 175 103 0.07487353785226951 174 104 0.44234398229668054 175 104 0.08280412881441286
5 40 4 174 104 0.1517014809391464 175 104 0.5416344635053241 174 105 0.06709790794973622 175 105 0.23956614760579334
6 39 4 174 102 0.005981818372545853 175 102 0.09239301496079222 174 103 0.0548245705163356 175 103 0.8468005961503263
6 40 4 175 103 0.13855714633617916 176 103 0.17830174255272274 175 104 0.2987262981082673 176 104 0.3844148130028308
7 39 4 175 102 0.20161915119900833 176 102 0.5202786265787896 175 103 0.07767129324542274 176 103 0.2004309289767793
7 40 4 176 103 0.6166718438904316 177 103 0.32370998944293017 176 104 0.03909565610956444 177 104 0.020522510557073773
8 39 4 176 101 0.1719416272938049 177 101 0.1734790949284245 176 102 0.3258328727061829 177 102 0.3287464050715877
8 40 4 177 102 0.4929946291574441 178 102 0.07091014862034918 177 103 0.3812569263981087 178 103 0.05483829582409803
9 39 4 177 101 0.6940141911013759 178 101 0.2749294755653134 177 102 0.022244364454168632 178 102 0.00881196887914207
9 40 4 177 101 0.017381224359443923 178 101 0.1700464978628092 177 102 0.07535438675166559 178 102 0.7372178910260813
10 39 4 178 100 0.5538037870661544 179 100 0.038662824044966355 178 101 0.38093882404494683 179 101 0.026594564843932404
10 40 4 178 101 0.25238379616311635 179 101 0.5585668705035682 178 102 0.058835870503549895 179 102 0.1302134628297655
11 39 4 178 99 0.03309535963259456 179 99 0.18289419592298609 178 100 0.12013130703406341 179 100 0.663879137410356
11 40 4 179 100 0.2301422890129038 180 100 0.20433132209824068 179 101 0.29956143320931916 180 101 0.2659649556795364
12 39 4 179 99 0.3120557976895815 180 99 0.5274567023104306 179 100 0.059654924532633186 180 100 0.10083257546735472
12 40 4 180 99 0.043392314019891895 181 99 0.014604241535684032 180 100 0.7047954637578878 181 100 0.23720798068653628
13 39 4 180 98 0.27328110123711996 181 98 0.18975434320732357 180 99 0.31691367654065145 181 99 0.22005087901490503
13 40 4 181 99 0.6588057045174259 182 99 0.022713795482581494 181 100 0.3078661288159105 182 100 0.010614371184082112
14 39 4 181 97 0.06999793694189033 182 97 0.016560451947013107 181 98 0.7386808963914306 182 98 0.17476071471966587
14 40 4 181 98 0.05648040494995397 182 98 0.2485620394945133 181 99 0.12867548393893205 182 99 0.5662820716166007
15 39 4 181 97 0.019287860359404583 182 97 0.6907934729739303 181 98 0.007875028529480268 182 98 0.28204363813718486
15 40 4 182 98 0.37480608198415405 183 98 0.5537593069047447 182 99 0.0288338624602958 183 99 0.04260074865080548
16 39 4 182 96 0.08194887148970764 183 96 0.25165540628808714 182 97 0.16369807295472683 183 97 0.5026976492674784
16 40 4 183 97 0.3434674022866821 184 97 0.2086209310466765 183 98 0.27865659771331736 184 98 0.16925506895332404
17 39 4 183 96 0.44423241477721565 184 96 0.5128948074450106 183 97 0.019898585222775537 184 97 0.022974192554998225
17 40 4 184 96 0.14762025474641477 185 96 0.027991023031375305 184 97 0.6929878008091415 185 97 0.13140092141306853
18 39 4 184 95 0.3963605457775181 185 95 0.18428962088916803 184 96 0.2862545097780298 185 96 0.13309532355528406
18 40 4 184 96 0.04722252825224998 185 96 0.75191169397 184 97 0.011869582858862918 185 97 0.18899619491888714
19 39 4 185 94 0.18398020893501685 186 94 0.020192902176100726 185 95 0.7171189021760878 186 95 0.07870798671279464
19 40 4 185 95 0.11731955613753312 186 95 0.30533761052914826 185 96 0.1602566105291365 186 96 0.4170862228041821
20 39 4 185 94 0.09897851536084082 186 94 0.7287175401947367 185 95 0.02060465130582054 186 95 0.151699293138602
20 40 4 186 94 0.02290811618003985 187 94 0.023271994931101436 186 95 0.4731521060421865 187 95 0.4806677828466722
