background
2D
84
2 22 2 35 63 0.7197102857143136 35 62 0.2802897142856864
4 22 2 37 64 0.5450132857143046 36 64 0.45498671428569537
15 22 2 45 71 0.9820200000000057 45 70 0.017979999999994334
28 22 2 55 80 0.24432971428571193 55 79 0.7556702857142881
0 21 4 34 60 0.28768969695903196 35 60 0.03308396970760723 34 61 0.6091722554218989 35 61 0.07005407791146186
0 22 4 33 61 0.2935863309462326 34 61 0.25782795476802617 33 62 0.23883790714898454 34 62 0.2097478071367567
1 21 4 34 61 0.0873662130435331 35 61 0.5978451679088199 34 62 0.040136358385017376 35 62 0.2746522606626296
1 22 4 34 62 0.6988544755439603 35 62 0.21699752445601225 34 63 0.06421038159887635 35 63 0.01993761840115108
2 21 4 35 61 0.017781485372816472 36 61 0.03186760986525035 35 62 0.34036170510335356 36 62 0.6099891996585796
3 21 4 36 62 0.24380760918496341 37 62 0.17027920033881722 36 63 0.3449762003388262 37 63 0.24093699013739317
3 22 4 35 63 0.14464208109287907 36 63 0.5000853474785212 35 64 0.07970401414519675 36 64 0.27556855728340307
4 21 4 37 63 0.6379420130514234 38 63 0.14058251075807102 37 64 0.18148241551998576 38 64 0.0399930606705198
5 21 4 37 63 0.007157411257959527 38 63 0.13580482683724873 37 64 0.04290763636106922 38 64 0.8141301255437225
5 22 4 37 64 0.2561523306685444 38 64 0.11745052647428336 37 65 0.4294750026647705 38 65 0.1969221401924017
6 21 4 38 64 0.1424300418997203 39 64 0.3649699104812302 38 65 0.138275624766928 39 65 0.3543244228521215
6 22 4 38 65 0.6762429231569107 39 65 0.06179764827165934 38 66 0.2400250292240238 39 66 0.02193439934740616
7 21 4 39 65 0.4458109525957928 40 65 0.4260267140708715 39 66 0.06553533311847512 40 66 0.06262700021486059
7 22 4 38 65 0.015054938556732641 39 65 0.08742334715755122 38 66 0.13185363287182142 39 66 0.7656680814138948
8 21 4 40 65 0.17531323858426304 41 65 0.06096214236808664 40 66 0.566673666177596 41 66 0.19705095287005434
8 22 4 39 66 0.17628375782034822 40 66 0.290632242179621 39 67 0.201265432655797 40 67 0.33181856734423376
9 21 4 41 66 0.5842700903413252 42 66 0.016443004896738313 41 67 0.38835743346815343 42 67 0.010929471293783098
9 22 4 40 67 0.505620857138284 41 67 0.32573285714739914 40 68 0.10256895238548083 41 68 0.06607733332883611
10 21 4 41 67 0.19618441262892308 42 67 0.7689663968948542 41 68 0.00708373022817506 42 68 0.02776546024804764
10 22 4 41 67 0.1642358079391484 42 67 0.03155562063224845 41 68 0.674594620632236 42 68 0.1296139507963672
11 21 4 42 67 0.14301134830417986 43 67 0.18657717550531125 42 68 0.29089741360053784 43 68 0.37951406258997106
11 22 4 41 68 0.03891970546098008 42 68 0.5213094373961306 41 69 0.030551342158023832 42 69 0.4092195149848655
12 21 4 43 68 0.46121470689084787 44 68 0.23281153120435705 43 69 0.20333467406148942 44 69 0.10263908784330567
12 22 4 42 69 0.2775033116085217 43 69 0.6471635455343028 42 70 0.022608355058101787 43 70 0.05272478779907373
13 21 4 44 68 0.05233634553189755 45 68 0.0061276068490495935 44 69 0.8428536544680593 45 69 0.09868239315099356
13 22 4 43 69 0.15344291209614844 44 69 0.13566165933241828 43 70 0.37730937361809463 44 70 0.33358605495333865
14 21 4 44 69 0.05321397851291776 45 69 0.3696876881537432 44 70 0.07261664053465866 45 70 0.5044816927986804
14 22 4 44 70 0.4976024593047032 45 70 0.15593982640957732 44 71 0.2637904454571594 45 71 0.08266726882856006
15 21 4 45 70 0.2806638439291982 46 70 0.5066755370231766 45 71 0.07580739416599779 46 71 0.13685322488162746
16 21 4 46 70 0.08911013225697617 47 70 0.0626669629811124 46 71 0.4980017248858394 47 71 0.35022117987607204
16 22 4 45 71 0.0851545367419421 46 71 0.2972631775437661 45 72 0.13751960611515965 46 72 0.4800626795991322
17 21 4 47 71 0.4221359387342632 48 71 0.09407887078953918 47 72 0.3956165374561719 48 72 0.0881686530200257
17 22 4 46 72 0.3385605907801092 47 72 0.40829483779132697 46 73 0.11475417112461213 47 73 0.1383904003039517
18 21 4 47 72 0.04261750145634782 48 72 0.8380350223531826 47 73 0.005775593781706859 48 73 0.11357188240876273
18 22 4 47 72 0.07611954392024531 48 72 0.035173598936904665 47 73 0.6078358370320955 48 73 0.28087102011075443
19 21 4 48 72 0.06838843947087625 49 72 0.17670179862436797 48 73 0.210645274814798 49 73 0.5442644870899578
19 22 4 48 73 0.43510153901941584 49 73 0.04062931812344796 48 74 0.4794944609805446 49 74 0.0447746818765916
20 21 4 49 73 0.31066075277777244 50 73 0.2988671996031856 49 74 0.19901358055552137 50 74 0.1914584670635206
20 22 4 48 74 0.12202324274432183 49 74 0.7181453286842557 48 75 0.02321337630325817 49 75 0.13661805226816423
21 21 4 50 74 0.7210413461389817 51 74 0.2529243205276901 50 75 0.019273606241931664 51 75 0.006760727091396498
21 22 4 49 74 0.07690684557120514 50 74 0.12769944014308626 49 75 0.29897039252399443 50 75 0.49642332176171416
22 21 4 51 74 0.32857464812597115 52 74 0.009828732826414518 51 75 0.6423809233025618 52 75 0.01921569574505253
22 22 4 50 75 0.34513534749998154 51 75 0.22390865250002367 50 76 0.2613825096428376 51 76 0.16957349035715719
23 21 4 51 75 0.14169008731008756 52 75 0.5611510079280119 51 76 0.05990610316606497 52 76 0.2372528015958356
23 22 4 51 76 0.781472129483071 52 76 0.152009584802648 51 77 0.05568634670736769 52 77 0.010831939006913286
24 21 4 52 75 0.029080377977130617 53 75 0.03819843154668265 52 76 0.40315643154664144 53 76 0.5295647589295452
24 22 4 51 76 0.020198667710982474 52 76 0.27772076086045033 51 77 0.0476004275270758 52 77 0.6544801439014913
25 21 4 53 76 0.28617513917463927 54 76 0.14554138463488778 53 77 0.3767022893967524 54 77 0.19158118679372058
25 22 4 52 77 0.19767367646936473 53 77 0.4646834663877819 52 78 0.10076603781631309 53 78 0.23687681932654026
26 21 4 54 77 0.7113781804264611 55 77 0.08477605766877985 54 78 0.18213986719255018 55 78 0.021705894712208938
26 22 4 53 77 0.014176631948762692 54 77 0.012618225194097759 53 78 0.5149037013845347 54 78 0.4583014414726048
27 21 4 54 77 0.019938882685010397 55 77 0.1406530696959443 54 78 0.10421978398162038 55 78 0.735188263637425
27 22 4 54 78 0.29722758176815156 55 78 0.0940049896604227 54 79 0.4624933706127654 55 79 0.14627405795866033
28 21 4 55 78 0.18628015071212495 56 78 0.33874951595454356 55 79 0.1685191350021254 56 79 0.3064511983312061
29 21 4 56 79 0.5207296987935526 57 79 0.36873768215882974 56 80 0.06471020596831735 57 80 0.045822413079300336
29 22 4 55 79 0.026544131093710573 56 79 0.09356386890629131 55 80 0.19445805938244554 56 80 0.6854339406175526
30 21 4 57 79 0.2072070031198038 58 79 0.046698092118292324 57 80 0.6088735206896857 58 80 0.1372213840722182
30 22 4 56 80 0.21884158774270532 57 80 0.2657041265430104 56 81 0.23280122178107035 57 81 0.28265306393321393
31 21 4 57 80 0.02888968273842809 58 80 0.5894531267853819 57 81 0.017831460118680954 58 81 0.3638257303575091
31 22 4 57 81 0.5792473244460131 58 81 0.2697361041254164 57 82 0.10303610412538208 58 82 0.04798046730318841
32 21 4 58 81 0.27258573764944155 59 81 0.7101947861601107 58 82 0.004776024255258646 59 82 0.01244345193518919
32 22 4 58 81 0.19483729358463914 59 81 0.01858384927253259 58 82 0.7180867540343472 59 82 0.06849210310848103
33 21 4 59 81 0.17638769166246457 60 81 0.1708305464328014 59 82 0.33161468928985516 60 82 0.32116707261487887
33 22 4 58 82 0.08296011420606422 59 82 0.4948987429368213 58 83 0.06060455246054172 59 83 0.36153659039657277
34 21 4 60 82 0.5256596876345009 61 82 0.18599626474647893 60 83 0.21298331236543847 61 83 0.07536073525358176
34 22 4 59 83 0.35261235773897415 60 83 0.5896842136896252 59 84 0.021592927975251384 60 84 0.036110500596149266
35 21 4 61 82 0.07375634461329136 62 82 0.0023373220534022303 61 83 0.8955272744342675 62 83 0.028379058899038884
35 22 4 60 83 0.18552697656435205 61 83 0.12120730914996113 60 84 0.41931892819749306 61 84 0.2739467860881938
36 21 4 61 83 0.08807290069392686 62 83 0.35245848025848053 61 84 0.1118513374012516 62 84 0.447617281646341
36 22 4 61 84 0.5607551611582685 62 84 0.11041683884175843 61 85 0.27473136265119613 62 85 0.05409663734877693
37 21 4 62 84 0.34659140349556905 63 84 0.45837769174255216 62 85 0.08397345364722898 63 85 0.1110574511146498
37 22 4 61 84 0.0023547686636731326 62 84 0.03325494562206765 61 85 0.06377237419341107 62 85 0.9006179115208481
38 21 4 63 84 0.1120127101611067 64 84 0.05739409936272832 63 85 0.5491927660293109 64 85 0.2814004244468541
38 22 4 62 85 0.11872118003288243 63 85 0.2813262485385722 62 86 0.17804658187182135 63 86 0.42190598955672404
39 21 4 64 85 0.4761071540237555 65 85 0.05773736978579335 64 86 0.4157389412142817 65 86 0.0504165349761695
39 22 4 63 86 0.4031958714564048 64 86 0.3612892714007636 63 87 0.12421250949591854 64 87 0.11130234764691306
40 21 4 64 86 0.11002763984545469 65 86 0.7882545982498079 64 87 0.012459074440202021 65 87 0.08925868746453533
40 22 4 64 86 0.09772984293429736 65 86 0.031193014208584852 64 87 0.6603191570656456 65 87 0.21075798579147223
41 21 4 65 86 0.09277359619773955 66 86 0.16994635618323692 65 87 0.2603537371355367 66 87 0.4769263104834868
41 22 4 65 87 0.48778047541882635 66 87 0.0055800960097696865 65 88 0.5009091436287362 66 88 0.00573028494266784
