background
2D
42
0 -2 4 160 153 0.04489483298361984 161 153 0.029340348834561828 160 154 0.5598700761072906 161 154 0.36589474207452777
0 -1 4 160 154 0.004525353347856764 161 154 0.2750786921066838 160 155 0.011659510288504748 161 155 0.7087364442569547
1 -2 4 161 153 0.5369690006915386 162 153 0.12584622658118488 161 154 0.2731647720357378 162 154 0.06402000069153875
1 -1 4 161 154 0.19234942129979168 162 154 0.6758346696092906 161 155 0.02920430597293581 162 155 0.10261160311798186
2 -2 4 161 152 0.0038972894966278126 162 152 0.24749798323064454 161 153 0.011605346867007434 162 153 0.7369993804057202
2 -1 4 162 153 0.19500292853071266 163 153 0.26176120783291856 162 154 0.2319196623783737 163 154 0.3113162012579951
3 -2 4 162 152 0.18552660848979716 163 152 0.6544487096920241 162 153 0.03534489151020406 163 153 0.12467979030797469
3 -1 4 163 152 0.02867073867699056 164 152 0.01667344314118956 163 153 0.6036207158684618 164 153 0.3510351023133581
4 -2 4 163 151 0.18266759403467894 164 151 0.2458877696016841 163 152 0.24357276960168825 164 152 0.32787186676194874
4 -1 4 164 152 0.5310131699204316 165 152 0.10291105735229038 164 153 0.3066471482613868 165 153 0.059428624465891325
5 -2 4 164 150 0.010822882494908566 165 150 0.006312526595996263 164 151 0.6207863447778246 165 151 0.3620782461312706
5 -1 4 164 151 0.009574176806504289 165 151 0.2129300959207594 164 152 0.03345500501167998 165 152 0.7440407222610563
6 -2 4 165 150 0.5069705647795868 166 150 0.09874488976586696 165 151 0.33000752612950524 166 151 0.06427701932504101
6 -1 4 165 151 0.201471759335193 166 151 0.6096125588466196 165 152 0.046926286119350125 166 152 0.14198939569883728
7 -2 4 165 149 0.008227822706887147 166 149 0.18606767729311546 165 150 0.034119131838570856 166 150 0.7715853681614265
7 -1 4 166 150 0.1813544629610569 167 150 0.2183099006753046 166 151 0.2724124461298522 167 151 0.3279231902337863
8 -2 4 166 149 0.1939306562768142 167 149 0.5889448891777302 166 150 0.05378516190500978 167 150 0.1633392926404458
8 -1 4 167 150 0.6513872422295419 168 150 0.3368571668613614 167 151 0.0077485304977332 168 151 0.004007060411363525
9 -2 4 167 148 0.16830083821663164 168 148 0.20315475269246167 167 149 0.28478384360155123 168 149 0.34376056548935546
9 -1 4 168 149 0.49866741532246966 169 149 0.07815703922298249 168 150 0.36583722104116784 169 150 0.05733832441338001
10 -2 4 168 148 0.6321388685263495 169 148 0.3278967678372856 168 149 0.026314676928199318 169 149 0.01364968670816559
10 -1 4 168 148 0.011557391330749565 169 148 0.1538471086692444 168 149 0.058316108669250355 169 149 0.7762793913307556
11 -2 4 169 147 0.47390651993323846 170 147 0.07470916188494552 169 148 0.38991588915767633 170 148 0.061468429024139695
11 -1 4 169 148 0.20752848843619934 170 148 0.5464560570183435 169 149 0.06771387520016656 170 149 0.1783015793452906
12 -2 4 169 146 0.009492746982744313 170 146 0.12770298028998145 169 147 0.059698525744532896 170 147 0.8031057469827413
12 -1 4 170 147 0.16464038845699527 171 147 0.17792420245208937 170 148 0.315970838815733 171 148 0.34146457027518234
13 -2 4 170 146 0.19926909512942903 171 146 0.5265066775978456 170 147 0.07529104123421415 171 147 0.19893318603851118
13 -1 4 171 147 0.6387466823022409 172 147 0.2923979540613927 171 148 0.04723340860685341 172 148 0.02162195502951305
14 -2 4 171 145 0.15086847346418164 172 145 0.16348734471763482 171 146 0.3290605265358204 172 146 0.35658365528236313
14 -1 4 172 146 0.4632560517900989 173 146 0.056468630028076464 172 147 0.4280929027553543 173 147 0.05218241542647038
15 -2 4 172 145 0.6187800183506601 173 145 0.28415584528570526 172 146 0.06651784528570792 173 146 0.03054629107792672
15 -1 4 172 145 0.010474996920594849 173 145 0.09782973035212937 172 146 0.08624282126122428 173 146 0.8054524514660515
16 -2 4 173 144 0.4377768661524809 174 144 0.05373904293842623 173 145 0.4528898611202531 174 145 0.05559422978883977
16 -1 4 173 145 0.21051960860279983 174 145 0.4863651641244662 173 146 0.09156707321538525 174 146 0.21154815405734873
17 -2 4 173 143 0.007692062324200997 174 143 0.07240389222125504 173 144 0.08834352858489541 174 144 0.8315605168696485
17 -1 4 174 144 0.14486070501853612 175 144 0.14060411316327878 174 145 0.3625948404360114 175 145 0.35194034138217367
18 -2 4 174 143 0.20154192504763857 175 143 0.46713407495235926 174 144 0.09986252949782026 175 144 0.2314614705021819
18 -1 4 175 144 0.6230405134405309 176 144 0.2510043501958258 175 145 0.08978389565037902 176 145 0.03617124071326428
19 -2 4 175 142 0.130370499777335 176 142 0.12688554567721172 175 143 0.3764028184044898 176 143 0.3663411361409635
19 -1 4 176 143 0.4247790793233371 177 143 0.037845829767568485 176 144 0.4934141934039388 177 144 0.043960897505155604
20 -2 4 176 142 0.6023555592405648 177 142 0.24348053166852365 176 143 0.10978662257762238 177 143 0.044377286513289115
20 -1 4 176 142 0.006326993576038472 177 142 0.04487796096940891 176 143 0.11723514278759986 177 143 0.8315599026669528
