background
2D
82
12 -1 2 116 74 0.09571150000000728 116 73 0.9042884999999927
39 -2 2 139 88 0.8636127500000157 139 89 0.1363872499999843
0 -2 4 106 65 0.2917398635549925 107 65 0.4960436364449966 106 66 0.07859013644500311 107 66 0.13362636355500782
0 -1 4 106 66 0.9177723669253643 107 66 0.0401071330746256 106 67 0.04035688307463453 107 67 0.0017636169253754635
1 -2 4 107 65 0.1080766882904993 108 65 0.09190756170950068 107 66 0.43234931170949725 108 66 0.3676664382905028
1 -1 4 106 66 0.047453632576312556 107 66 0.3226266174236883 106 67 0.08077161742368728 107 67 0.5491481325763118
2 -2 4 108 66 0.4349709105699773 109 66 0.1772140894300052 108 67 0.27555108943000595 109 67 0.11226391057001159
2 -1 4 107 67 0.23337104577123452 108 67 0.5489099542287489 107 68 0.06495020422875204 108 68 0.15276879577126462
3 -2 4 109 66 0.02147453039349408 110 66 0.0029112196064992432 109 67 0.8591434696065042 110 67 0.11647078039350241
3 -1 4 108 67 0.09109860651018513 109 67 0.1033831434898091 108 68 0.37731864348981653 109 68 0.42819960651018923
4 -2 4 109 67 0.02214104776099845 110 67 0.41444545223897733 109 68 0.02857295223900081 110 68 0.5348405477610234
4 -1 4 109 68 0.3873748147931117 110 68 0.219307685206865 109 69 0.2511384352068909 110 69 0.14217906479313241
5 -2 4 110 68 0.18742071267249721 111 68 0.6613665373274895 110 69 0.03338928732750297 111 69 0.11782346267251036
5 -1 4 110 68 0.015269170620052525 111 68 0.0036140793799350574 110 69 0.793340079379951 111 69 0.18777667062006145
6 -2 4 111 68 0.10202177512799933 112 68 0.15896622487199824 111 69 0.28888422487200177 112 69 0.4501277751280007
6 -1 4 111 69 0.4219041739910004 112 69 0.009179826008998065 111 70 0.556801076009004 112 70 0.012114923990997523
7 -2 4 112 69 0.37766023512749014 113 69 0.2955285148724899 112 70 0.18334176487251186 113 70 0.14346948512750812
7 -1 4 111 70 0.12548182490593915 112 70 0.7178029250940418 111 71 0.023319425094066173 112 71 0.1333958249059529
8 -2 4 113 69 0.0624280926709936 114 69 0.022961407328997305 113 70 0.6686699073290093 114 70 0.24594059267099977
8 -1 4 112 70 0.08147362336487399 113 70 0.17401187663511783 112 71 0.23742362663513225 113 71 0.5070908733648759
9 -2 4 114 70 0.44842534775849646 115 70 0.04916490224150535 114 71 0.45276865224149315 115 71 0.04964109775850504
9 -1 4 113 71 0.3264940693678091 114 71 0.3411921806321936 113 72 0.16249918063218383 114 72 0.16981456936781347
10 -2 4 114 71 0.06485900038999026 115 71 0.844931999609994 114 72 0.006430999610000268 115 72 0.08377800039001548
10 -1 4 114 71 0.05265266291473973 115 71 0.027234337085245433 114 72 0.6064365870852542 115 72 0.3136764129147607
11 -2 4 115 71 0.07772430056550064 116 71 0.2442674494344945 115 72 0.163661699434505 116 72 0.5143465505654998
11 -1 4 115 72 0.4080319040056886 116 72 0.0840558459943074 115 73 0.42115334599432036 116 73 0.08675890400568362
12 -2 4 116 72 0.3021069982849969 117 72 0.43208550171500915 116 73 0.10937500171499549 117 73 0.1564324982849985
13 -2 4 117 72 0.08513909354850058 118 72 0.06125415645150211 117 73 0.4964389064514927 118 73 0.3571678435485046
13 -1 4 116 73 0.05360607881955962 117 73 0.26288317118042975 116 74 0.11577117118043696 117 74 0.5677395788195736
14 -2 4 118 73 0.4198805863560149 119 73 0.1387134136439987 118 74 0.3317934136439935 119 74 0.10961258635599293
14 -1 4 117 74 0.24737076254250864 118 74 0.48131923745749167 117 75 0.09210248745750309 118 75 0.17920751254249664
15 -2 4 119 74 0.8948494767075047 120 74 0.07594527329250557 119 75 0.026920523292490405 120 75 0.002284726707499341
15 -1 4 118 74 0.07179359380943573 119 74 0.06909715619056123 118 75 0.4377756561905627 119 75 0.42133359380944035
16 -2 4 119 74 0.03518426460299911 120 74 0.3478112353970078 119 75 0.0566817353969969 120 75 0.5603227646029961
16 -1 4 119 75 0.3759170726203703 120 75 0.17717442737962333 119 76 0.30374817737962906 120 76 0.14316032262037734
17 -2 4 120 75 0.2083112000424985 121 75 0.5868850499575051 120 76 0.05365079995749843 121 76 0.15115295004249799
17 -1 4 120 76 0.8202679489753045 121 76 0.1450243010246858 120 77 0.02949330102469575 121 77 0.0052144489753139485
18 -2 4 121 75 0.08960753302599966 122 75 0.11778946697400061 121 76 0.34245046697399817 122 76 0.45015253302600156
18 -1 4 120 76 0.007495972874250179 121 76 0.3699970271257368 120 77 0.01236127712575098 121 77 0.610145722874262
19 -2 4 122 76 0.3730932635535059 123 76 0.24650448644650522 122 77 0.2290607364464928 123 77 0.15134151355349604
19 -1 4 121 77 0.15000489431718872 122 77 0.6396888556828091 121 78 0.03994835568281334 122 78 0.17035789431718878
20 -2 4 123 76 0.02455639162500604 124 76 0.007242108375001795 123 77 0.7476936083749937 124 77 0.22050789162499854
20 -1 4 122 77 0.07269196330412364 123 77 0.1292025366958709 122 78 0.28735728669587934 123 78 0.5107482133041261
21 -2 4 124 77 0.4184009172405045 125 77 0.025598332759500006 124 78 0.523945082759496 125 78 0.03205566724049942
21 -1 4 123 78 0.32555967983506023 124 78 0.288535570164931 123 79 0.20458557016494366 124 79 0.18131917983506513
22 -2 4 124 78 0.096272840400003 125 78 0.7599271596000123 124 79 0.016169159599998484 125 79 0.12763084039998612
22 -1 4 124 78 0.018413543910001592 125 78 0.007882456090000501 124 79 0.6818277060900032 125 79 0.2918762939099947
23 -2 4 125 78 0.07583341110350406 126 78 0.192567338896508 125 79 0.20670458889649834 126 79 0.5248946611034896
23 -1 4 125 79 0.3816400555289389 126 79 0.05685669447105983 125 80 0.4886971944710668 126 80 0.07280605552893445
24 -2 4 126 79 0.3080633793510062 127 79 0.37253812064900255 126 80 0.1445706206489971 127 80 0.17482787935099417
24 -1 4 125 80 0.034396464691880464 126 80 0.8163010353081149 125 81 0.006036785308126175 126 81 0.14326571469187838
25 -2 4 127 79 0.057790745142502445 128 79 0.03501150485750297 127 80 0.5649392548574875 128 80 0.342258495142507
25 -1 4 126 80 0.05534777139880909 127 80 0.20755047860118303 126 81 0.15518147860118425 127 81 0.5819202713988236
26 -2 4 128 80 0.4003795084779971 129 80 0.10462349152200502 128 81 0.39244649152199385 129 81 0.10255050847800405
26 -1 4 127 81 0.25695972564974184 128 81 0.41813927435024695 127 82 0.1236655243502524 128 82 0.2012354756497588
27 -2 4 129 81 0.883195669357518 130 81 0.03400808064249493 129 82 0.079726330642488 130 82 0.0030699193574990177
27 -1 4 128 81 0.04807782744468814 129 81 0.03922192255531154 128 82 0.5026434225553212 129 82 0.4100568274446791
28 -2 4 129 81 0.0438167277809989 130 81 0.28558777221901077 129 82 0.08920127221899386 130 82 0.5813942277809965
28 -1 4 129 82 0.3600485767836204 130 82 0.13945192321637595 129 83 0.3607686732163757 130 83 0.13973082678362797
29 -2 4 130 82 0.2247909337484972 131 82 0.5168143162515091 130 83 0.07832306625149645 131 83 0.18007168374849722
29 -1 4 130 83 0.8122467236665536 131 83 0.09945452633343949 130 84 0.07866652633344345 131 84 0.009632223666563527
30 -2 4 131 82 0.0727825372600095 132 82 0.08102346274000771 131 83 0.4004274627399993 132 83 0.4457665372599835
30 -1 4 130 83 0.019761018093504164 131 83 0.30414098190649974 130 84 0.041248231906507955 131 84 0.6348497680934881
31 -2 4 132 83 0.36411553831550636 133 83 0.2018912116845075 132 84 0.27919046168448913 133 84 0.15480278831549701
31 -1 4 131 84 0.17011721006443675 132 84 0.5659855399355638 131 85 0.06098803993556205 132 85 0.20290921006443735
32 -2 4 133 84 0.795675936915005 134 84 0.18253156308500548 133 85 0.017726063084991337 134 85 0.004066436914998109
32 -1 4 132 84 0.05949954957937386 133 84 0.0888039504206234 132 85 0.34170170042062586 133 85 0.5099947995793769
33 -2 4 134 84 0.38396573305850606 135 84 0.006442516941501166 134 85 0.5995322669414913 135 85 0.010059483058501515
33 -1 4 133 85 0.3202145366383094 134 85 0.24028971336168453 133 86 0.25108271336169125 134 86 0.18841303663831482
34 -2 4 134 85 0.12327592674599919 135 85 0.6793330732540047 134 86 0.030318073253999052 135 86 0.16707292674599705
34 -1 4 134 86 0.7211569212412445 135 86 0.2515480787587461 134 87 0.020236328758757006 135 87 0.007058671241252387
35 -2 4 135 85 0.0695317679775046 136 85 0.1452779820225102 135 86 0.25415823202249455 136 86 0.5310320179774907
35 -1 4 135 86 0.35083745338818983 136 86 0.03406829661181168 135 87 0.5606517966118126 136 87 0.054442453388185846
36 -2 4 136 86 0.3096090067530057 137 86 0.3174014932470058 136 87 0.18417699324699435 137 87 0.18881250675299419
36 -1 4 135 87 0.06503213307912754 136 87 0.7320743669208706 135 88 0.016553116920875837 136 88 0.186340383079126
37 -2 4 137 86 0.02603164307250544 138 86 0.013179606927502696 137 87 0.6378503569274956 138 87 0.32293839307249633
37 -1 4 136 87 0.0526787103140621 137 87 0.15662853968593274 136 88 0.1990025396859422 137 88 0.591690210314063
38 -2 4 138 87 0.37646767693601674 139 87 0.07494432306400231 138 88 0.45751032306398515 139 88 0.0910776769359958
38 -1 4 137 88 0.26213793509300565 138 88 0.3593700649070001 137 89 0.15963931490699956 138 89 0.21885268509299471
39 -1 4 138 88 0.019951307415939125 139 88 0.013757442584063272 138 89 0.571921942584067 139 89 0.3943693074159306
40 -2 4 139 88 0.04803843729500318 140 88 0.2277750627050092 139 89 0.12613156270500053 140 89 0.598054937294987
40 -1 4 139 89 0.33976932728287745 140 89 0.10614017271712164 139 90 0.4221999227171296 140 90 0.13189057728287132
