background
2D
42
-2 10 2 98 74 0.9162709999999805 97 74 0.08372900000001948
-2 0 4 103 65 0.062456252251003944 104 65 0.2411177477489936 103 66 0.1432802477490107 104 66 0.5531457522509917
-2 1 4 103 66 0.37587407870250733 104 66 0.09779592129749118 103 67 0.41766167129751064 104 67 0.10866832870249085
-2 2 4 102 67 0.24549050761001348 103 67 0.39827549238998594 102 68 0.13584449239000781 103 68 0.2203895076099928
-2 3 4 102 68 0.7887415389735203 103 68 0.02512046102647997 102 69 0.18039271102650428 103 69 0.005745288973495408
-2 4 4 101 69 0.5479991727930124 102 69 0.43595882720696044 101 70 0.008934327207015598 102 70 0.007107672793011603
-2 5 4 100 69 0.022296659068500747 101 69 0.13175734093150138 100 70 0.12243609093150211 101 70 0.7235099090684958
-2 6 4 100 70 0.23745024780000423 101 70 0.08669975219999881 100 71 0.49508175220000195 101 71 0.180768247799995
-2 7 4 99 71 0.15832243898750598 100 71 0.335923561012498 99 72 0.16200881101250353 100 72 0.3437451889874925
-2 8 4 99 72 0.603309232631013 100 72 0.06103276736899192 99 73 0.3048212673689999 100 73 0.030836732630995244
-2 9 4 98 73 0.4138226287305093 99 73 0.4206153712694823 98 74 0.08210712126950685 99 74 0.08345487873050157
-2 11 4 97 74 0.11726897829750661 98 74 0.057361021702501 97 75 0.554259271702502 98 75 0.2711107282974904
-2 12 4 96 75 0.08939693176500263 97 75 0.2553290682349917 96 76 0.1699305682350093 97 76 0.4853434317649964
-2 13 4 96 76 0.4361194876885038 97 76 0.07870251231149142 96 77 0.41100726231151147 97 77 0.07417073768849333
-2 14 4 95 77 0.29788864606800747 96 77 0.3870293539320029 95 78 0.13703735393199687 96 78 0.17804464606799278
-2 15 4 94 78 0.01943040690350651 95 78 0.8355835930964906 94 79 0.003294843096501182 95 79 0.14169115690350176
-2 16 4 94 78 0.015330270194999036 95 78 0.009779729804998931 94 79 0.595194229805012 95 79 0.37969577019499007
-2 17 4 93 79 0.038713985942502575 94 79 0.1564920140574963 93 80 0.15960976405751176 94 80 0.6451842359424893
-2 18 4 93 80 0.2871723041460063 94 80 0.0781296958539935 93 81 0.49895069585401136 94 81 0.13574730414598882
-2 19 4 92 81 0.2001972248055039 93 81 0.3352007751944968 92 82 0.1737250251945029 93 82 0.2908769748054964
-2 20 4 92 82 0.6784887479210087 93 82 0.02700525207899293 92 83 0.2832327520790014 93 83 0.011273247920996961
-1 0 4 104 66 0.26901141372936843 105 66 0.4467633362706116 104 67 0.10682108627063289 105 67 0.17740416372938708
-1 1 4 104 67 0.8536531810962983 105 67 0.032217568903682665 104 68 0.1099785689037064 105 68 0.00415068109631266
-1 2 4 103 67 0.030861800919240442 104 67 0.025104949080741415 103 68 0.5205691990807676 104 68 0.4234640509192506
-1 3 4 102 68 0.03147477319818766 103 68 0.1945879768017951 102 69 0.10775547680182367 103 69 0.6661817731981936
-1 4 4 102 69 0.28801909793309827 103 69 0.10813965206685698 102 70 0.4390104020669164 103 70 0.16483084793312835
-1 5 4 101 70 0.17827327512405172 102 70 0.3879814748759329 101 71 0.13655547487593783 102 71 0.29718977512407757
-1 6 4 101 71 0.6646508047709817 102 71 0.07169994522900383 101 72 0.2379771952290112 102 72 0.02567205477100329
-1 7 4 100 72 0.4445461868739274 101 72 0.46190056312605904 100 73 0.0458810631260688 101 73 0.047672186873944776
-1 8 4 99 72 0.005987671432873974 100 72 0.07055507856711336 99 73 0.07223882856712556 100 73 0.8512184214328871
-1 9 4 99 73 0.16426775844779593 100 73 0.08237099155217813 99 74 0.5017579915522069 100 74 0.251603258447819
-1 10 4 98 74 0.10577769791874622 99 74 0.31095705208122876 98 75 0.14804730208125996 99 75 0.43521794791876506
-1 11 4 98 75 0.49389098984567636 99 75 0.09293976015431368 98 76 0.34773326015431893 99 76 0.06543598984569102
-1 12 4 97 76 0.325042134228614 98 76 0.4318846157713628 97 77 0.10438136577138464 98 77 0.1386918842286386
-1 13 4 96 77 0.015965881067563924 97 77 0.9110568689324138 96 78 0.0012568689324380267 97 78 0.07172038106758429
-1 14 4 96 77 0.058758980362494787 97 77 0.03835976963749803 96 78 0.5462630196374962 97 78 0.3566182303625109
-1 15 4 95 78 0.05152468211343205 96 78 0.21569006788654746 95 79 0.14129656788656234 96 79 0.5914886821134582
-1 16 4 95 79 0.3413737363203587 96 79 0.09593701367962171 95 80 0.439246763679639 96 80 0.12344248632038057
-1 17 4 94 80 0.22378064298330627 95 80 0.3836261070166751 94 81 0.14463910701669477 95 81 0.24795414298332388
-1 18 4 94 81 0.7434629021022364 95 81 0.03403984789774583 94 82 0.21275609789776795 95 82 0.009741152102249804
-1 19 4 93 82 0.5155110136771722 94 82 0.432087736322811 93 83 0.028507236322821313 94 83 0.023894013677195517
-1 20 4 92 82 0.015514227708122526 93 82 0.10218052229186156 92 83 0.11630327229187429 93 83 0.7660019777081416
