background
2D
22
36 0 4 279 156 0.4261111795613073 280 156 0.38942778043869053 279 157 0.09637910043869226 280 157 0.08808193956130993
36 1 4 279 157 0.5147930535189811 280 157 0.3062239864810128 279 158 0.11222566648101419 280 158 0.06675729351899194
36 2 4 279 158 0.6046201577898613 280 158 0.22187496221013572 279 159 0.12692700221014389 280 159 0.0465778777898591
36 3 4 279 159 0.695592492373921 280 159 0.13638070762607926 279 160 0.14048310762608 280 160 0.027543692373919813
36 4 4 279 160 0.7877100572711648 280 160 0.049741222728831386 279 161 0.15289398272883178 280 161 0.009654737271171969
36 5 4 278 161 0.03804349248161832 279 161 0.8048858675183811 278 162 0.007088987518388261 279 162 0.14998165248161233
36 6 4 278 162 0.12697343800524608 279 162 0.7214340019947494 278 163 0.022687481994756228 279 163 0.1289050780052483
36 7 4 278 163 0.21704861384206336 279 163 0.6368369061579282 278 164 0.03714074615793467 279 164 0.10897373384207382
36 8 4 278 164 0.3082690199920753 279 164 0.5510945800079265 278 165 0.050448780007918484 279 165 0.09018761999207973
36 9 4 278 165 0.4006346564552854 279 165 0.46420702354471244 278 166 0.0626115835447183 279 166 0.07254673645528387
36 10 4 278 166 0.4941455232316769 279 166 0.3761742367683241 278 167 0.07362915676832256 279 167 0.05605108323167644
37 0 4 280 156 0.37539105818714014 281 156 0.33561946181286195 280 157 0.15257730181284837 281 157 0.13641217818714954
37 1 4 280 157 0.4531767467364675 281 157 0.2633118532635306 280 158 0.1793200532635167 281 158 0.10419134673648515
37 2 4 280 158 0.5321076655989999 281 158 0.18985901440100136 280 159 0.2049175744009942 281 159 0.07311574559900448
37 3 4 280 159 0.6121838147747132 281 159 0.11526094522529128 280 160 0.2293698652252767 281 160 0.04318537477471886
37 4 4 280 160 0.6934051942636107 281 160 0.039517645736389787 280 161 0.25267692573637485 281 161 0.01440023426362462
37 5 4 279 161 0.03737088406571209 280 161 0.7010300359342916 279 162 0.013239675934283445 280 162 0.24835940406571289
37 6 4 279 162 0.11540464418099346 280 162 0.6284743558190062 279 163 0.0397343558189978 280 163 0.21638664418100245
37 7 4 279 163 0.19458363460946435 280 163 0.5547734453905314 279 164 0.06508380539052264 280 164 0.18555911460948157
37 8 4 279 164 0.27490785535112994 280 164 0.4799273046488761 279 165 0.08928802464885276 280 165 0.1558768153511412
37 9 4 279 165 0.3563773064059922 280 165 0.4039359335940099 279 166 0.11234701359400044 280 166 0.12733974640599743
37 10 4 279 166 0.4389919877740373 280 166 0.32679933222596796 279 167 0.13426077222595106 280 167 0.09994790777404368
