background
2D
72
28 11 2 274 142 0.8542387199999979 275 142 0.1457612800000021
28 12 2 275 143 0.04123280000000307 274 143 0.9587671999999969
34 12 2 280 144 0.6251243600000151 280 143 0.37487563999998486
35 12 2 281 144 0.7296528400000142 281 143 0.2703471599999858
0 11 4 246 139 0.647143266945383 247 139 0.27622261305461554 246 140 0.05370921305461869 247 140 0.02292490694538267
0 12 4 246 140 0.7480732401949981 247 140 0.18077071980499662 246 141 0.05730771980500273 247 141 0.013848320195002574
1 11 4 247 139 0.578369879290942 248 139 0.24046752070905766 247 140 0.1279606807090559 248 140 0.05320191929094451
1 12 4 247 140 0.6684036587699331 248 140 0.15591182123006256 247 141 0.14245538123006377 248 141 0.03322913876994057
2 11 4 248 139 0.5084512608850699 249 139 0.20585765911493065 248 140 0.20335737911493107 249 140 0.08233370088506835
2 12 4 248 140 0.5875888465934372 249 140 0.13219815340655935 248 141 0.22874827340656276 249 141 0.05146472659344061
3 11 4 249 139 0.4373874117277604 250 139 0.1723930282722411 249 140 0.27989930827224374 250 140 0.11032025172775474
3 12 4 249 140 0.505628803665504 250 140 0.10962971633449362 249 141 0.3161863963344992 250 141 0.0685550836655032
4 11 4 250 139 0.3651783318190099 251 139 0.1400736281809926 250 140 0.3575864681809903 251 140 0.1371615718190072
4 12 4 250 140 0.42252352998612963 251 140 0.08820651001386894 250 141 0.4047697500138696 251 141 0.08450020998613182
5 11 4 251 139 0.29182402115882344 252 139 0.10889945884118003 251 140 0.4364188588411728 252 140 0.1628576611588237
5 12 4 251 140 0.3382730255553193 252 140 0.06792853444468024 251 141 0.494498334444676 252 141 0.09930010555532447
6 11 4 252 139 0.21732447974719266 253 139 0.07887052025279756 252 140 0.5163964802528068 253 140 0.18740851974720302
6 12 4 252 140 0.2528772903730632 253 140 0.04879578962692305 252 141 0.5853721496269352 253 141 0.1129547703730785
7 11 4 253 139 0.14167970758413478 254 139 0.0499868124158564 253 140 0.5975193324158679 254 140 0.21081414758414102
7 12 4 253 140 0.16633632443938154 254 140 0.030808275560605686 253 141 0.6773911955606201 254 141 0.12546420443939268
8 11 4 254 139 0.06488970466963884 255 139 0.02224833533035331 254 140 0.6797874153303598 255 140 0.23307454466964805
8 12 4 254 140 0.07865012775426176 255 140 0.013965992245726436 254 141 0.770555472245736 255 141 0.13682840775427588
9 11 4 255 140 0.7371096710037016 256 140 0.2454998889962915 255 141 0.013045528996293076 256 141 0.004344911003713814
9 12 4 255 141 0.8445023803176998 256 141 0.1435852596822894 255 142 0.010181299682293986 256 142 0.0017310603177168493
10 11 4 256 140 0.6635072865863361 257 140 0.21457379341365804 256 141 0.09212599341366182 257 141 0.02979292658634411
10 12 4 256 141 0.7600038021297104 257 141 0.12355535787027977 256 142 0.10015795787028653 257 142 0.01628288212972334
11 11 4 257 140 0.588759671417533 258 140 0.18479292858246202 257 141 0.172351688582468 258 141 0.054095711417536954
11 12 4 257 141 0.6743599931902835 258 141 0.10467068680970756 257 142 0.19127984680971652 258 142 0.029689473190292387
12 11 4 258 140 0.5128668254972878 259 140 0.15615729450270824 258 141 0.2537226145027093 259 141 0.0772532654972947
12 12 4 258 141 0.5875709534994145 259 141 0.08693124650057761 258 142 0.28354696650058164 259 142 0.04195083349942629
13 11 4 259 140 0.43582874882560657 260 140 0.1286668911743904 259 141 0.33623877117438655 260 141 0.09926558882561648
13 12 4 259 141 0.4996366830571094 260 141 0.07033703694288361 259 142 0.37695931694288276 260 142 0.05306696305712423
14 11 4 260 140 0.35764544140249266 261 140 0.10232171859750525 260 141 0.4199001585975036 261 141 0.12013268140249847
14 12 4 260 141 0.4105571818633717 261 141 0.05488805813662227 260 142 0.4715168981366236 261 142 0.06303786186338241
15 11 4 261 140 0.27831690322794134 262 140 0.07712177677205756 261 141 0.5047067767720581 262 141 0.139854543227943
15 12 4 261 141 0.3203324499181966 262 141 0.04058431008179838 261 142 0.5672197100818019 262 142 0.07186352991820313
16 11 4 262 140 0.19784313430195077 263 140 0.0530670656980491 262 141 0.5906586256980447 263 141 0.1584311743019554
16 12 4 262 141 0.22896248722158216 263 141 0.027425792778413765 262 142 0.6640677527784123 263 142 0.0795439672215917
17 11 4 263 140 0.11622413462452422 264 140 0.030157585375476605 263 141 0.6777557053754674 264 141 0.17586257462453184
17 12 4 263 141 0.13644729377353176 264 141 0.015412506226465112 263 142 0.7620610262264588 264 142 0.08607917377354429
18 11 4 264 140 0.03345990419566201 265 140 0.00839333580433978 264 141 0.7659980158043327 265 141 0.1921487441956655
18 12 4 264 141 0.042786869574045754 265 141 0.004544450425952089 264 142 0.861199530425948 265 142 0.09146914957405416
19 11 4 265 141 0.7544864430153488 266 141 0.18283831698463976 265 142 0.05044955698464909 266 142 0.012225683015362369
19 12 4 265 142 0.8574456946231063 266 142 0.08535714537687832 265 143 0.05201878537689063 266 143 0.005178374623124771
20 11 4 266 141 0.6749098310836148 267 141 0.15788644891637474 266 142 0.13550424891638627 267 142 0.03169947108362422
20 12 4 266 142 0.7669728889207484 267 142 0.07130147107923711 266 143 0.14796967107925163 267 143 0.013755968920762817
21 11 4 267 141 0.594187988400433 268 141 0.13407981159955754 267 142 0.22170417159955705 268 142 0.05002802840045247
21 12 4 267 142 0.6753548524669427 268 142 0.05839102753304378 267 143 0.24506578753304628 268 143 0.021188332466967195
22 11 4 268 141 0.5123209149658255 269 141 0.11141840503416595 268 142 0.30904932503416765 269 142 0.06721135496584091
22 12 4 268 142 0.5825915852617115 269 142 0.04662581473827599 268 143 0.3433071347382807 269 143 0.027475465261731825
23 11 4 269 141 0.4293086107797806 270 141 0.08990222922021181 269 142 0.3975397092202157 270 142 0.08324945077979189
23 12 4 269 142 0.4886830873050428 270 142 0.03600583269494565 269 143 0.44269371269495256 270 143 0.03261736730505901
24 11 4 270 141 0.34515107584229826 271 141 0.0695312841576951 270 142 0.4871753241577012 271 142 0.09814231584230543
24 12 4 270 142 0.39362935859693665 271 142 0.026531081403052763 270 143 0.5432255214030618 271 143 0.036614038596948735
25 11 4 271 141 0.25984831015337845 272 141 0.05030556984661587 271 142 0.5779561698466241 272 142 0.1118899501533815
25 12 4 271 142 0.29743039913739305 272 142 0.018201560862597322 271 143 0.6449025608626086 272 143 0.03946547913740102
26 11 4 272 141 0.1734003137130183 273 141 0.032225086286977 272 142 0.6698822462869732 273 142 0.12449235371303143
26 12 4 272 142 0.20008620892640902 273 142 0.01101727107358233 272 143 0.7477248310735816 273 143 0.04117168892642706
27 11 4 273 141 0.0858070865212251 274 141 0.015289833478771166 273 142 0.7629535534787697 274 142 0.1359495265212341
27 12 4 273 142 0.101596787963992 274 142 0.004978212036000304 273 143 0.8516923320360018 274 143 0.041732667964005925
29 11 4 275 142 0.7669017398833147 276 142 0.1251382201166835 275 143 0.09281506011667214 276 143 0.015144979883329674
29 12 4 275 143 0.865427533784833 276 143 0.03209050621516126 275 144 0.09881774621515291 276 144 0.0036642137848528528
30 11 4 276 142 0.6813509004372138 277 142 0.10616057956278535 276 143 0.1838439795627762 277 143 0.028644540437224638
30 12 4 276 143 0.7689805005681083 277 143 0.024009059431886942 276 144 0.20074285943188078 277 144 0.006267580568124013
31 11 4 277 142 0.594654830239663 278 142 0.08832816976032284 277 143 0.2760181297603301 278 143 0.04099887023968399
31 12 4 277 143 0.6713882365999322 278 143 0.01707284340004972 277 144 0.30381320340005996 278 144 0.007725716599958076
32 11 4 278 142 0.5068135292906789 279 142 0.07164099070930792 278 143 0.36933751070930315 279 143 0.05220796929070996
32 12 4 278 143 0.5726507418803243 279 143 0.011281858119658676 278 144 0.4080287781196569 279 144 0.008038621880360171
33 11 4 279 142 0.4178269975902671 280 142 0.05609904240972074 279 143 0.4638021224097182 280 143 0.062271837590293984
33 12 4 279 143 0.4727680164092886 280 143 0.006636103590695297 279 144 0.5133895835906958 280 144 0.007206296409320389
34 11 4 280 142 0.3276952351384178 281 142 0.04170232486157101 280 143 0.5594119648615706 281 143 0.07119047513844055
35 11 4 281 142 0.23641824193513103 282 142 0.028450838064858725 281 143 0.6561670380648605 282 143 0.07896388193514968
