background
2D
42
4 -1 2 31 130 0.877579047619065 31 131 0.12242095238093498
8 -1 2 34 128 0.5416142857142745 34 127 0.4583857142857255
0 -2 4 27 131 0.032196792799136245 28 131 0.01687568339136657 27 132 0.6239101595817875 28 132 0.32701736422770966
0 -1 4 27 132 0.003236387606390997 28 132 0.29353599334601355 27 133 0.007668898107881852 28 133 0.6955587209397136
1 -2 4 28 131 0.6274897310512532 29 131 0.06678441180590057 28 132 0.27631712609157233 29 132 0.029408731051273937
1 -1 4 28 132 0.243599378008139 29 132 0.6983746696109164 28 133 0.0150058124680356 29 133 0.04302013991290894
2 -2 4 28 130 0.051432880645941904 29 130 0.2880429288778911 28 131 0.10007388125878532 29 131 0.5604503092173816
2 -1 4 29 131 0.29729005594292446 30 131 0.2898856583428103 29 132 0.2090150392951519 30 132 0.20380924641911333
3 -2 4 29 130 0.39308981301174567 30 130 0.5915876631787526 29 131 0.006116853654911719 30 131 0.009205670154590112
3 -1 4 30 130 0.1752137071250158 31 130 0.05716367382738411 30 131 0.5787912928749906 31 131 0.18883132617260942
4 -2 4 30 129 0.40747295672006917 31 129 0.2224061861370941 30 130 0.2394336147084615 31 130 0.1306872424343752
5 -2 4 31 128 0.2460890736757315 32 128 0.028991735848096913 31 129 0.6485174025147293 32 129 0.07640178796144223
5 -1 4 31 129 0.13038402446915384 32 129 0.3923966898165763 31 130 0.11902078505465612 32 130 0.35819850065961373
6 -2 4 31 128 0.13096206864054794 32 128 0.7893204075499456 31 129 0.011344312311814663 32 129 0.06837321149769181
6 -1 4 32 128 0.08350483348837402 33 128 0.08447754746402124 32 129 0.41359988079733767 33 129 0.41841773825026707
7 -2 4 32 127 0.22054237018603487 33 127 0.34494177267112375 32 128 0.16946391552822945 33 128 0.26505194161461193
7 -1 4 33 128 0.6056632348025106 34 128 0.2075208128165498 33 129 0.13914138424510283 34 129 0.0476745681358368
8 -2 4 33 126 0.1343556449788248 34 126 0.07633016454499897 33 127 0.5033505454973413 34 127 0.285963644978835
9 -2 4 34 126 0.7578079882569855 35 126 0.0980794879335034 34 127 0.12759810698108232 35 127 0.016514416828428805
9 -1 4 34 126 0.024882147648878663 35 126 0.07870523330351195 34 127 0.21532228092253822 35 127 0.6810903381250711
10 -2 4 34 125 0.06669797144913096 35 125 0.43439117140803724 34 126 0.06640802855083856 35 126 0.43250282859199324
10 -1 4 35 126 0.3653374210858729 36 126 0.38345162653319703 35 127 0.12256691224744573 36 127 0.12864404013348432
11 -2 4 35 124 0.055708404079064515 36 124 0.09058240544475461 35 125 0.32509750068280674 36 125 0.5286116897933741
11 -1 4 36 125 0.28982123919873937 37 125 0.10416947508698152 36 126 0.445782998896481 37 126 0.16022628681779813
12 -2 4 36 124 0.4974576194800849 37 124 0.2940348567104136 36 125 0.13104819004368815 37 125 0.0774593337658134
12 -1 4 37 124 0.03853803055892966 38 124 0.0006543503934705229 37 125 0.9447661122981924 38 125 0.01604150674940739
13 -2 4 37 123 0.38263390336653147 38 123 0.05406023949061791 37 124 0.4935718109191717 38 124 0.06973404622367893
13 -1 4 37 124 0.1580977951663872 38 124 0.5262962524526639 37 125 0.07290625245266506 38 125 0.24269969992828386
14 -2 4 37 122 0.010147350976452403 38 122 0.07174845854737628 37 123 0.11375826807112406 38 123 0.8043459224050472
14 -1 4 38 123 0.15777877111639343 39 123 0.171816943169337 38 124 0.3209251812645321 39 124 0.34947910444973745
15 -2 4 38 122 0.27019343850033345 39 122 0.45690403769014615 38 123 0.10141208530917319 39 123 0.17149043850034723
15 -1 4 39 123 0.7080965774565635 40 123 0.2667008034958178 39 124 0.018307279686292206 40 124 0.006895339361326463
16 -2 4 39 121 0.23056688022391023 40 121 0.1417322626332487 39 122 0.38873854834746974 40 122 0.23896230879537136
16 -1 4 40 122 0.6039434046630762 41 122 0.016055642955984443 40 123 0.3701603572416528 41 123 0.009840595139286533
17 -2 4 40 120 0.015173295194793514 41 120 0.0023275143290163213 40 121 0.8518320381385166 41 121 0.1306671523376736
17 -1 4 40 121 0.05882249083118789 41 121 0.20637822345452367 40 122 0.16298117583547128 41 122 0.5718181098788171
18 -2 4 40 120 0.0760154453177165 41 120 0.5866870308727726 40 121 0.03868979277749532 41 121 0.2986077310320155
18 -1 4 41 121 0.42743716929421277 42 121 0.48296521165817813 41 122 0.04206640213434813 42 122 0.04753121691326097
19 -2 4 41 119 0.11158604487843896 42 119 0.19631809797870112 41 120 0.25081909797867463 42 120 0.4412767591641853
19 -1 4 42 120 0.3984811543378681 43 120 0.15712289328117368 42 121 0.3187223218525945 43 121 0.12567363052836367
20 -2 4 42 119 0.58149466530549 43 119 0.37161114421832947 42 120 0.028610382313525338 43 120 0.01828380816265526
20 -1 4 43 119 0.19375811262884682 44 119 0.007047601656874315 43 120 0.7711452683235176 44 120 0.028049017390761297
