fracture_grid_00002
2D
709
189 154 2 0 28 0.17280204300894214 0 27 0.8271979569910579
194 160 2 0 36 0.16236866468099642 0 35 0.8376313353190036
174 133 2 2 0 0.1515538213154889 2 1 0.8484461786845111
179 139 2 2 8 0.16198719964342737 2 9 0.8380128003565727
193 153 2 3 29 0.19427684431271647 4 29 0.8057231556872835
198 159 2 4 37 0.7979109402010192 3 37 0.2020890597989809
182 138 2 5 10 0.9802530922461737 5 11 0.019746907753826273
187 144 2 5 17 0.0093135294258878 5 18 0.9906864705741122
192 150 2 5 26 0.9874572630845372 4 26 0.012542736915462833
181 135 2 7 7 0.1848158014543197 6 7 0.8151841985456802
186 141 2 7 15 0.17700358596805524 6 15 0.8229964140319448
180 132 2 8 4 0.3665499088515733 7 4 0.6334500911484267
190 143 2 8 19 0.8089523631768586 8 20 0.19104763682314144
195 149 2 8 27 0.819385741504797 8 28 0.18061425849520296
200 155 2 8 35 0.82981911983275 8 36 0.17018088016724994
198 148 2 11 28 0.6376516341075433 11 29 0.3623483658924566
203 154 2 11 36 0.6480850124354891 11 37 0.35191498756451084
204 154 2 12 37 0.7874775618730769 11 37 0.212522438126923
183 127 2 13 2 0.9620074984319599 13 3 0.03799250156804009
188 133 2 13 10 0.9724408767599056 13 11 0.02755912324009435
198 145 2 13 26 0.9770238847565951 12 26 0.02297611524340494
203 151 2 13 34 0.9692116692703306 12 34 0.03078833072966938
192 136 2 15 15 0.16657020764011313 14 15 0.8334297923598869
197 142 2 15 23 0.1587579921538505 14 23 0.8412420078461496
186 127 2 16 4 0.3561165305236312 15 4 0.6438834694763689
191 132 2 16 11 0.790706769362652 16 12 0.20929323063734798
191 133 2 16 12 0.3483043150373686 15 12 0.6516956849626314
196 138 2 16 19 0.8011401476905905 16 20 0.1988598523094095
185 124 2 17 1 0.5378506379208821 16 1 0.4621493620791179
199 137 2 19 20 0.6194060402933441 19 21 0.3805939597066559
204 143 2 19 28 0.6298394186212753 19 29 0.37016058137872465
209 149 2 19 36 0.6402727969492283 19 37 0.35972720305077166
173 134 4 0 0 0.009702074440614846 1 0 0.012284005049896043 0 1 0.4315805309826134 1 1 0.5464333895268758
174 135 4 0 2 0.18114264692980642 1 2 0.3999738415135021 0 3 0.1305722166684547 1 3 0.2883112948882367
174 136 4 0 3 0.7699243239201438 1 3 0.025973498087084188 0 4 0.19744146428922732 1 4 0.006660713703544775
175 136 4 0 3 0.025545568698336865 1 3 0.11470132869778112 0 4 0.15660155307495355 1 4 0.7031515495289286
175 137 4 0 4 0.2974419583096302 1 4 0.0575862726504071 0 5 0.5403560880747736 1 5 0.10461568096518896
176 137 4 0 5 0.03677282511775276 1 5 0.6626044812311774 0 6 0.015806554830566907 1 6 0.2848161388205029
176 138 4 0 6 0.6474348519611095 1 6 0.2667237879517328 0 7 0.060795452598323696 1 7 0.025045907488834042
177 139 4 0 7 0.27387465393075006 1 7 0.19941439493489438 0 8 0.30478790880371237 1 8 0.2219230423306431
178 140 4 0 8 0.014559410602962631 1 8 0.017860047215493995 0 9 0.43453541030653 1 9 0.5330451318750132
179 141 4 0 10 0.1890162010622593 1 10 0.40253366570900223 0 11 0.13051087802226263 1 11 0.27793925520647583
179 142 4 0 11 0.7863164502603672 1 11 0.020014750074813667 0 12 0.18886155343526823 1 12 0.004807246229550852
180 142 4 0 11 0.028623125314630137 1 11 0.12205715040943359 0 12 0.16133621194492473 1 12 0.6879835123310116
180 143 4 0 12 0.30903808713368597 1 12 0.05642352215429714 0 13 0.5365721747369788 1 13 0.0979662159750381
181 143 4 0 13 0.04286659970414802 1 13 0.6669440849727205 0 14 0.017524995730432456 1 14 0.2726643195926989
181 144 4 0 14 0.662047198755263 1 14 0.26254481948551783 0 15 0.053995321290431095 1 15 0.02141266046878818
182 145 4 0 15 0.28369100320875507 1 15 0.20003142398484242 0 16 0.3027837750119683 1 16 0.21349379779443428
183 146 4 0 16 0.019579762364805683 1 16 0.02327307378159669 0 17 0.4373272740309514 1 17 0.5198198898226463
184 147 4 0 18 0.19705277079420513 1 18 0.40493047430500223 0 19 0.13028652377657762 1 19 0.26773023112421507
184 148 4 0 19 0.8028715922000689 1 19 0.013892986463050488 0 20 0.1801186269818274 1 20 0.0031167943550532234
185 148 4 0 19 0.031863697530420114 1 19 0.12924995652159665 0 20 0.1659078552153992 1 20 0.6729784907325841
185 149 4 0 20 0.3207972315572382 1 20 0.055097756058690626 0 21 0.5326252457996911 1 21 0.09147976658438019
186 149 4 0 21 0.049123389890041474 1 21 0.6711206731147729 0 22 0.019080421030803443 1 22 0.2606755159643822
186 150 4 0 22 0.6768225611489168 1 22 0.25820283541980976 0 23 0.047032174383038146 1 23 0.01794242904823538
187 151 4 0 23 0.29367036808624847 1 23 0.20048543743528746 0 24 0.3006166256207392 1 24 0.2052275688577248
188 152 4 0 24 0.02476312972613705 1 24 0.02852308474819652 0 25 0.43995612215588087 1 25 0.5067576633697856
189 153 4 0 26 0.20525235612564813 1 26 0.40716426730149763 0 27 0.12989915393140267 1 27 0.2576842226414516
190 154 4 0 27 0.03526728534570036 1 27 0.13627974703424758 0 28 0.17031648288637974 1 28 0.6581364847336723
190 155 4 0 28 0.3327193915802781 1 28 0.05360897436358924 0 29 0.5285153012629119 1 29 0.08515633279322074
191 155 4 0 29 0.05554319567542964 1 29 0.6751342456573232 0 30 0.020472830731679718 1 30 0.24884972793556742
191 156 4 0 30 0.6917609391420726 1 30 0.2536978357545997 0 31 0.0399060118761504 1 31 0.014635213227177382
192 157 4 0 31 0.3038127485632343 1 31 0.2007764352862355 0 32 0.29828646063001785 1 32 0.1971243555205123
193 158 4 0 32 0.030109512686973924 1 32 0.03361008011531267 0 33 0.4424219546813084 1 33 0.49385845251640503
194 159 4 0 34 0.21361495705658437 1 34 0.4092350446985072 0 35 0.12934876848672727 1 35 0.24780122975818128
195 160 4 0 35 0.03883388876047944 1 35 0.14314652194741787 0 36 0.17456209495786146 1 36 0.6434574943342413
195 161 4 0 36 0.3448045672028176 1 36 0.05195717706899181 0 37 0.5242423411266368 1 37 0.07899591460155374
173 133 4 1 0 0.634165621301832 2 0 0.1730391246247668 1 1 0.1514660595102854 2 1 0.04132919456311579
174 134 4 1 1 0.24033928469963672 2 1 0.12599587017974972 1 2 0.41572465428750993 2 2 0.2179401908331036
175 135 4 1 3 0.48725409996220487 2 3 0.43821146386999366 1 4 0.039242097199974645 2 4 0.035292338967826735
176 136 4 1 4 0.19234993094018582 2 4 0.2922460418448223 1 5 0.20457852439702395 2 5 0.31082550281796795
177 137 4 1 5 0.011690716620730061 2 5 0.03203566511708293 1 6 0.2556699968915053 2 6 0.7006036213706818
177 138 4 1 6 0.23860562976817629 2 6 0.019902085533556053 1 7 0.6844060083551727 2 7 0.057086276343094995
178 138 4 1 7 0.08306942869111075 2 7 0.5197873619995144 1 8 0.05472354299615756 2 8 0.3424196663132173
178 139 4 1 8 0.6487499790706233 2 8 0.1688881451839212 1 9 0.14469391722775488 2 9 0.037667958517700564
179 140 4 1 9 0.250127644952281 2 9 0.12664088825506567 1 10 0.41374850952113007 2 10 0.2094829572715232
180 141 4 1 11 0.5000586781849448 2 11 0.4358402639751997 1 12 0.03424973446349937 2 12 0.02985132337635627
181 142 4 1 12 0.2003585116467643 2 12 0.2946708394661895 1 13 0.20438215917670632 2 13 0.30058848971033986
182 143 4 1 13 0.014903299811150813 2 13 0.03925646025460792 1 14 0.260269629187349 2 14 0.6855706107468922
182 144 4 1 14 0.25033678516635405 2 14 0.018604308463316784 1 15 0.6804870684432593 2 15 0.05057183792706984
183 144 4 1 15 0.08929822985163444 2 15 0.5239919391669219 1 16 0.05630695732189831 2 16 0.3304028736595453
183 145 4 1 16 0.663497352438907 2 16 0.164574150143576 1 17 0.13775875934573564 2 17 0.03416973807178136
184 145 4 1 16 0.0027651855961827467 2 16 0.16965539237519037 1 17 0.01327225975237564 2 17 0.8143071622762513
184 146 4 1 17 0.26007902080440476 2 17 0.1271228907308804 1 18 0.4116093491552671 2 18 0.2011887393094477
185 147 4 1 19 0.5130262720071762 2 19 0.43330604848091386 1 20 0.02909435612752862 2 20 0.02457332338438127
186 148 4 1 20 0.20853010795284088 2 20 0.2969326214880614 1 21 0.2040227783568941 2 21 0.29051449220220366
187 149 4 1 21 0.01827889860106478 2 21 0.046314239792632425 1 22 0.2647062458836995 2 22 0.6707006157226033
187 150 4 1 22 0.26223095616403375 2 22 0.017143515793582798 1 23 0.676405112931844 2 23 0.04422041511053937
188 150 4 1 23 0.09569004661165313 2 23 0.528033500734849 1 24 0.05772735604814044 2 24 0.31854909660535746
188 151 4 1 24 0.6784077414066859 2 24 0.16009713950373558 1 25 0.13066058586422125 2 25 0.03083453322535729
189 151 4 1 24 0.004361004840043923 2 24 0.1784929514592604 1 25 0.019488655994778902 2 25 0.7976573877059168
189 152 4 1 25 0.2701934122560251 2 25 0.12744187760719858 1 26 0.40930717318991133 2 26 0.19305753694686506
190 153 4 1 27 0.5261568814289029 2 27 0.4306088173871329 1 28 0.023775962192062686 2 28 0.019458338991901466
191 154 4 1 28 0.21686471985840375 2 28 0.29903138791042977 1 29 0.20350038193759212 2 29 0.2806035102935744
192 155 4 1 29 0.021817512990473624 2 29 0.05320900373116206 1 30 0.26897984698055144 2 30 0.6559936362978128
192 156 4 1 30 0.27428814276120084 2 30 0.015519707524354217 1 31 0.6721601418209379 2 31 0.03803200789350715
193 156 4 1 31 0.102244878971167 2 31 0.5319120467032808 1 32 0.05898473917488735 2 32 0.30685833515066474
193 157 4 1 32 0.6934811459739627 2 32 0.1554571132644045 1 33 0.12339939678320519 2 33 0.027662343978427602
194 157 4 1 32 0.0061198396834005984 2 32 0.18716749494384943 1 33 0.025542036637686668 2 33 0.7811706287350633
194 158 4 1 33 0.280470819307149 2 33 0.12759784888402764 1 34 0.4068419816250481 2 34 0.18508935018377518
195 159 4 1 35 0.5394505064501245 2 35 0.42774857069384997 1 36 0.018294552657105743 2 36 0.014506370198919944
196 160 4 1 36 0.2253623473634712 2 36 0.30096713873331166 1 37 0.20281496991878908 2 37 0.27085554398442807
174 132 4 2 0 0.32296364051151116 3 0 0.6138088472400511 2 1 0.021798449253408448 3 1 0.0414290629950293
175 133 4 2 1 0.10671550049782932 3 1 0.3891873962065351 2 2 0.10847884744212319 3 2 0.3956182558535124
175 134 4 2 2 0.6188960022057179 3 2 0.0917882280625541 2 3 0.25194927034534814 3 3 0.03736649938637987
176 134 4 2 2 0.0047123151867124605 3 2 0.050320990470464164 2 3 0.08091429092826931 3 3 0.8640524034145541
176 135 4 2 3 0.20000752951556727 3 3 0.06980710970552871 2 4 0.5412700012105316 3 4 0.18891535956837235
177 136 4 2 5 0.507073800429085 3 5 0.3218712477448086 2 6 0.10463598847203956 3 6 0.0664189633540668
178 137 4 2 6 0.1871074953190867 3 6 0.2009679618076237 2 7 0.29503455175706805 3 7 0.31688999111622146
179 138 4 2 8 0.3339604501628286 3 8 0.6132454159166794 2 9 0.01861385508835544 3 9 0.03418027883213657
180 139 4 2 9 0.11291631263298609 3 9 0.39341996239932686 2 10 0.11009025079322722 3 10 0.38357347417445986
180 140 4 2 10 0.6336153865486523 3 10 0.08750222204757994 2 11 0.24504210148867817 3 11 0.03384028991508957
181 140 4 2 10 0.006117129805710094 3 10 0.059349554179405004 2 11 0.08732169179553248 3 11 0.8472116242193524
181 141 4 2 11 0.20993091634231772 3 11 0.07031710120670946 2 12 0.539158829870042 3 12 0.18059315258093078
182 142 4 2 13 0.5200134052259567 3 13 0.31936502127588995 2 14 0.0995085991614323 3 14 0.06111297433672107
183 143 4 2 14 0.19525110259978593 3 14 0.20325773285485563 2 15 0.2947031599626297 3 15 0.30678800458272876
184 144 4 2 16 0.3451202754136352 3 16 0.6125189689938112 2 17 0.015266245323809628 3 17 0.027094510268743908
185 145 4 2 17 0.119280140367641 3 17 0.3974895129926249 2 18 0.11153863854483677 3 18 0.37169170809489727
185 146 4 2 18 0.6484977864910694 3 18 0.08305320043310867 2 19 0.23797191703252554 3 19 0.03047709604329641
186 146 4 2 18 0.007684960024203816 3 18 0.06821510228885701 2 19 0.09356607706330321 3 19 0.830533860623636
186 147 4 2 19 0.22001731876857963 3 19 0.07066407710840057 2 20 0.5368846429300409 3 20 0.17243396119297885
187 148 4 2 21 0.5331160256223116 3 21 0.3166957792074735 2 22 0.09421819425133822 3 22 0.05597000091887667
188 149 4 2 22 0.20355772547998735 3 22 0.20538448830259992 2 23 0.294208752568689 3 23 0.29684903364872367
189 150 4 2 24 0.35644311626394043 3 24 0.6116295064714444 2 25 0.011755619959768853 3 25 0.020171757304846202
190 151 4 2 25 0.12580698370178414 3 25 0.4013960479864129 2 26 0.11282401069695441 3 26 0.3599729576148485
190 152 4 2 26 0.6635432020329698 3 26 0.07844116321914674 2 27 0.23073871697688236 3 27 0.02727691777100117
191 152 4 2 26 0.009415805842192013 3 26 0.0769176347988073 2 27 0.09964744673157944 3 27 0.8140191126274212
191 153 4 2 27 0.2302667367943268 3 27 0.07084803741059185 2 28 0.5344474403905581 3 28 0.16443778540452314
192 154 4 2 29 0.5463816616181647 3 29 0.3138635215395589 2 30 0.08876477374174958 3 30 0.05099004310052684
193 155 4 2 30 0.2120273639596867 3 30 0.20734822815084636 2 31 0.29355132957525687 3 31 0.28707307831421003
194 156 4 2 32 0.36792897271374625 3 32 0.6105770283495917 2 33 0.008081978996227462 3 33 0.01341201994043459
195 157 4 2 33 0.13249684263542605 3 33 0.40513956738070955 2 34 0.11394636724957698 3 34 0.34841722273428744
195 158 4 2 34 0.6787516331743799 3 34 0.0736661104056823 2 35 0.22334250132174027 3 35 0.024239755098197514
196 158 4 2 34 0.011309667259675861 3 34 0.0854571517092692 2 35 0.10556580080035641 3 35 0.7976673802306986
196 159 4 2 35 0.24067917041957473 3 35 0.07086898211328962 2 36 0.5318472222515747 3 36 0.15660462521556093
175 132 4 3 0 0.1572997218111628 4 0 0.12382184132928954 3 1 0.4022437015176753 4 1 0.3166347353418724
176 133 4 3 2 0.3612879143357675 4 2 0.47896405775748246 3 3 0.06868776716810439 4 3 0.09106026073864563
177 134 4 3 3 0.11997763823410126 4 3 0.2794047428119655 3 4 0.18043030144479624 4 4 0.42018731750913707
177 135 4 3 4 0.5871766634781534 4 4 0.026987051131828126 3 5 0.36888220081185763 4 5 0.01695408457816083
178 135 4 3 5 0.16375251468893007 4 5 0.7947602753099414 3 6 0.007087683165000332 4 6 0.03439952683612804
178 136 4 3 5 0.14322605470000052 4 5 0.030068068862783216 3 6 0.6832650677650398 4 6 0.14344080867217648
179 136 4 3 6 0.021364406167422797 4 6 0.4962787927842464 3 7 0.019908049861536884 4 7 0.46244875118679385
179 137 4 3 7 0.5104437812644917 4 7 0.22198075125110422 3 8 0.18647959937557793 4 8 0.08109586810882617
180 138 4 3 8 0.1654153400664987 4 8 0.12613960140189215 3 9 0.4019402987486037 4 9 0.30650475978300534
181 139 4 3 10 0.37241975056120946 4 10 0.47826559985999356 3 11 0.0653681464289196 4 11 0.08394650314987741
182 140 4 3 11 0.12631347694338455 4 11 0.2835022824306206 3 12 0.1819066782217774 4 12 0.4082775624042174
182 141 4 3 12 0.6020310743951933 4 12 0.022566018542726628 3 13 0.36184000538107847 4 13 0.013562901681001521
183 141 4 3 13 0.1731045713683193 4 13 0.7958415969584908 3 14 0.005547841971875558 4 14 0.025505989701314347
183 142 4 3 13 0.15328446810089022 4 13 0.030443033789839213 3 14 0.6810188698504146 4 14 0.13525362825885603
184 142 4 3 14 0.02592046533065185 4 14 0.5021561119489631 3 15 0.023164206184568638 4 15 0.4487592165358164
184 143 4 3 15 0.5235184126354735 4 15 0.21933949820805362 3 16 0.18121718349085694 4 16 0.07592490566561597
185 144 4 3 16 0.1736939739213381 4 16 0.12829434587500574 3 17 0.4014738803800289 4 17 0.2965377998236274
186 145 4 3 18 0.38371460238614963 4 18 0.47740412636299906 3 19 0.06188551009024383 4 19 0.07699576116060741
187 146 4 3 19 0.13281233125216527 4 19 0.2874368064497857 3 20 0.1832200393992611 4 20 0.396530822898788
187 147 4 3 20 0.6170485009117378 4 20 0.017981970354127953 3 21 0.3546347943507985 4 21 0.010334734383335755
188 147 4 3 21 0.1826196436472001 4 21 0.7967599030075485 3 22 0.003844985179255554 4 22 0.01677546816599588
188 148 4 3 21 0.1635058971012684 4 21 0.03065498311739951 3 22 0.6786096563362971 4 22 0.12722946344503494
189 148 4 3 22 0.030639540093377632 4 22 0.5078704155141758 3 23 0.02625734690810729 4 23 0.43523269748433924
189 149 4 3 23 0.5367560596059661 4 23 0.21653522956550678 3 24 0.1757917520066324 4 24 0.07091695882189476
190 150 4 3 24 0.18213562337566325 4 24 0.13028607474861903 3 25 0.40084444641196454 4 25 0.28673385546375324
191 151 4 3 26 0.3951724698105818 4 26 0.47637963726650545 3 27 0.05823985815207609 4 27 0.07020803477083669
192 152 4 3 27 0.139474201160435 4 27 0.2912083148694471 3 28 0.18437038497725217 4 28 0.38494709899286567
192 153 4 3 28 0.6322289430277703 4 28 0.013234906566033858 3 29 0.3472665677210304 4 29 0.007269582685165408
193 154 4 3 29 0.17389034170114862 4 29 0.030703916845465074 3 30 0.6760374272226815 4 30 0.11936831423070492
194 154 4 3 30 0.03552163045559705 4 30 0.5134217034799021 3 31 0.029187472032148686 4 31 0.4218691940323521
194 155 4 3 31 0.5501567221759485 4 31 0.21356794532347012 3 32 0.1702033049229108 4 32 0.0660720275776706
195 156 4 3 32 0.1907402884294835 4 32 0.13211478802273727 3 33 0.400051996844405 4 33 0.2770929267033742
196 157 4 3 34 0.4067933528345091 4 34 0.4751921325705165 3 35 0.05443119061441322 4 35 0.0635833239805611
197 158 4 3 35 0.14629908666820574 4 35 0.29481680768962576 3 36 0.18535771495574227 4 36 0.3735263906864262
197 159 4 3 36 0.6475724007433029 4 36 0.008324827178447089 3 37 0.33973532549175867 4 37 0.004367446586491371
176 131 4 4 0 0.048738073697333864 5 0 0.3619512312680965 4 1 0.06993575858431364 5 1 0.519374936450256
176 132 4 4 1 0.48431740012278723 5 1 0.14115323840655056 4 2 0.2900073567699701 5 2 0.084522004700692
177 133 4 4 2 0.11902282035297139 5 2 0.06557822712916868 4 3 0.5257341947148153 5 3 0.2896647578030446
178 134 4 4 4 0.3831624685285478 5 4 0.36056898790641173 4 5 0.13202680471426811 5 5 0.12424173885077236
179 135 4 4 5 0.11679005633889254 5 5 0.18607180904886192 4 6 0.26883147507895727 5 6 0.4283066595332884
180 136 4 4 7 0.22071638844468486 5 7 0.6412758858958745 4 8 0.03533740114819419 5 8 0.10267032451124646
180 137 4 4 7 0.06999486025296216 5 7 0.006778747651516563 4 8 0.8417098539510304 5 8 0.08151653814449085
181 137 4 4 8 0.053266143835193853 5 8 0.3678565394581677 4 9 0.07321990393271446 5 9 0.505657412773924
181 138 4 4 9 0.4973640424684063 5 9 0.13853997438887006 4 10 0.2847729299106119 5 10 0.07932305323211171
182 139 4 4 10 0.12727346518243887 5 10 0.06776096062764694 4 11 0.5252957653716123 5 11 0.27966980881830195
183 140 4 4 12 0.39442933132811275 5 12 0.35973550343477795 4 13 0.1285721574009676 5 13 0.11726300783614164
184 141 4 4 13 0.12326092162230157 5 13 0.19003432209339133 4 14 0.270172825281809 5 14 0.41653193100249813
185 142 4 4 15 0.23020347169820285 5 15 0.6422221809703023 4 16 0.03366253338094065 5 16 0.09391181395055424
185 143 4 4 15 0.08018830022797915 5 15 0.007018686004445323 4 16 0.8393286294622743 5 16 0.07346438430530128
186 143 4 4 16 0.057957229572551734 5 16 0.3735988320487628 4 17 0.07634103368161739 5 17 0.492102904697068
186 144 4 4 17 0.5105737004135342 5 17 0.13576369477169517 4 18 0.27937548745174845 5 18 0.07428711736302217
187 145 4 4 18 0.13568712561140087 5 18 0.06978067852663068 4 19 0.5246943204289111 5 19 0.2698378754330574
188 146 4 4 20 0.4058592097271776 5 20 0.35873900336365877 4 21 0.1249544944881635 5 21 0.11044729242100003
189 147 4 4 21 0.12989480250520566 5 21 0.19383381953842574 4 22 0.27135115988516567 5 22 0.40492021807120293
190 148 4 4 23 0.23985357055120965 5 23 0.6430054604452411 4 24 0.031824650014190985 5 24 0.08531631898935817
190 149 4 4 23 0.09054475580248457 5 23 0.007095608757878362 4 24 0.8367843893740297 5 24 0.06557524606560744
191 149 4 4 24 0.06281133090940343 5 24 0.37917810903984234 4 25 0.07929914783103013 5 25 0.4787114122197241
191 150 4 4 25 0.5239463739581435 5 25 0.13282439955502434 4 26 0.27381502939339997 5 26 0.06941419709343218
192 151 4 4 26 0.1442638016398532 5 26 0.07163738082611684 4 27 0.5239298598867195 5 27 0.26016895764731046
193 152 4 4 28 0.4174521037257339 5 28 0.3575794876930411 4 29 0.12117381597586811 5 29 0.10379459260535694
194 153 4 4 29 0.13669169898761202 5 29 0.1974703013839724 4 30 0.2723664788890238 5 30 0.39347152073939184
195 154 4 4 31 0.24966668500371728 5 31 0.6436257243206647 4 32 0.029823751047951444 5 32 0.07688383962766651
195 155 4 4 31 0.10106422697649227 5 31 0.0070095159118164045 4 32 0.8340771336862863 5 32 0.05784912342540495
196 155 4 4 32 0.06782844784575233 5 32 0.3845943704314391 4 33 0.08209424638094566 5 33 0.46548293534186286
196 156 4 4 33 0.5374820631022527 5 33 0.1297220887388536 4 34 0.2680915557355588 5 34 0.06470429242333486
197 156 4 4 33 0.00023516539035291643 5 33 0.011318061839643498 4 34 0.020119787011374356 5 34 0.9683269857586293
197 157 4 4 34 0.15300349326780144 5 34 0.07333106752610707 4 35 0.5230023837450358 5 35 0.2506630554610557
198 158 4 4 36 0.4292080133237968 5 36 0.3562569564229275 4 37 0.11723012186407325 5 37 0.09730490838920242
177 131 4 5 1 0.25177144834081117 6 1 0.5032669320135048 5 2 0.0816837175047485 6 2 0.16327790214093563
177 132 4 5 2 0.9592545856814533 6 2 0.010565128236760148 5 3 0.029851504775219844 6 3 0.00032878130656670924
178 132 4 5 2 0.06405506515949543 6 2 0.2501137241476226 5 3 0.13983235886109344 6 3 0.5459988518317884
178 133 4 5 3 0.45465291512110567 6 3 0.07429720774992728 5 4 0.40488543351060047 6 4 0.06616444361836668
179 133 4 5 4 0.06490331887636877 6 4 0.8083958793835542 5 5 0.009416363319253006 6 5 0.11728443842082399
179 134 4 5 4 0.06429619926331016 6 4 0.023784332560532192 5 5 0.6656744075434251 6 5 0.2462450606327325
180 135 4 5 6 0.38858730308984013 6 6 0.25862363768679986 5 7 0.21181556189192804 6 7 0.14097349733143197
181 136 4 5 7 0.09715275481220043 6 7 0.10918859491724177 5 8 0.37368236834459073 6 8 0.41997628192596714
182 137 4 5 9 0.2612305425689561 6 9 0.5042412161132983 5 10 0.0800368387628643 6 10 0.15449140255488136
183 138 4 5 10 0.06871816187148463 6 10 0.2558840057635719 5 11 0.14298147763536867 6 11 0.5324163547295747
183 139 4 5 11 0.4678345840408519 6 11 0.07154891715811951 5 12 0.399515980077115 6 12 0.061100518723913644
184 139 4 5 12 0.0725826335584569 6 12 0.8111499430293972 5 13 0.009549264123422057 6 13 0.10671815928872375
184 140 4 5 12 0.07268187066689949 6 12 0.025832039484881324 5 13 0.6651009516260966 6 13 0.23638513822212256
185 141 4 5 14 0.39998919246354014 6 14 0.25765512664104556 5 15 0.20822588800449246 6 15 0.13412979289092175
186 142 4 5 15 0.10375864666974433 6 15 0.11301608138765086 5 16 0.37488869197331126 6 16 0.4083365799692935
187 143 4 5 17 0.27085265239660156 6 17 0.5050524846135985 5 18 0.07822694442148331 6 18 0.14586791856831657
188 144 4 5 18 0.07354427418296779 6 18 0.26149127178002723 5 19 0.14596758081014635 6 19 0.5189968732268587
188 145 4 5 19 0.48117926856010157 6 19 0.06863761096681557 5 20 0.39398351104412976 6 20 0.05619960942895315
189 145 4 5 20 0.08042496384005161 6 20 0.8137409910757556 5 21 0.009519149328095411 6 21 0.09631489575609739
189 146 4 5 20 0.08123055766998431 6 20 0.02771673080973499 5 21 0.6643644801092763 6 21 0.22668823141100444
190 147 4 5 22 0.4115540974367306 6 22 0.25652359999580093 5 23 0.20447319851755927 6 23 0.12744910404990925
191 148 4 5 23 0.11052755412677653 6 23 0.11668055225855715 5 24 0.37593200000254345 6 24 0.39685989361212287
192 149 4 5 25 0.28063777782373706 6 25 0.5057007375143943 5 26 0.07625403448061224 6 26 0.13740745018125644
193 150 4 5 26 0.07853340209394892 6 26 0.26693552219699185 5 27 0.14879066838542965 6 27 0.5057404073236296
193 151 4 5 27 0.49468696867884454 6 27 0.0655632891760184 5 28 0.38828802641164767 6 28 0.0514617157334895
194 151 4 5 28 0.08843030972113379 6 28 0.8161690235226118 5 29 0.009326018933274036 6 29 0.08607464782298029
194 152 4 5 28 0.08994226027256975 6 28 0.02943840653509529 5 29 0.6634649929929554 6 29 0.2171543401993797
195 153 4 5 30 0.4232820180094165 6 30 0.2552290577510535 5 31 0.2005574934311378 6 31 0.12093143080839226
196 154 4 5 31 0.11745947718330303 6 31 0.12018200752996912 5 32 0.3768122924322778 6 32 0.38554622285445
197 155 4 5 33 0.29058591885037 6 33 0.5061859748157069 5 34 0.0741181089402401 6 34 0.1291099973936828
198 156 4 5 34 0.08368554560442402 6 34 0.27221675701446246 5 35 0.15145074036121534 6 35 0.4926469570198981
198 157 4 5 35 0.5083576843970782 6 35 0.06232595178572317 5 36 0.3824295261796784 6 36 0.046886837637520294
199 157 4 5 36 0.09659867120171516 6 36 0.8184340403699762 5 37 0.008969872938957128 6 37 0.07599741548935146
199 158 4 5 36 0.09881697847464722 6 36 0.030997066660959933 5 37 0.6624024902771386 6 37 0.20778346458725427
177 130 4 6 0 0.366188517671322 7 0 0.17406852911906737 6 1 0.3116157235631232 7 1 0.1481272296464875
178 131 4 6 1 0.054487830821861705 7 1 0.04489962492132975 6 2 0.49374866858761635 7 2 0.40686387566919224
179 132 4 6 3 0.27570085625947915 7 3 0.3828170084365245 6 4 0.1429679013250291 7 4 0.19851423397896725
180 133 4 6 4 0.06292233699018032 7 4 0.1547259366586255 6 5 0.2261786787693608 7 5 0.5561730475818335
180 134 4 6 5 0.40853871048794055 7 5 0.023890896724784585 6 6 0.5362132298827105 7 6 0.03135716290456437
181 134 4 6 6 0.12392204635801468 7 6 0.6528566362435961 6 7 0.035611227576552114 7 7 0.18761008982183716
182 135 4 6 7 0.010065694668880437 7 7 0.3258433968855397 6 8 0.019899837440719246 7 8 0.6441910710048605
182 136 4 6 8 0.37756241801965407 7 8 0.1731280070986809 6 9 0.3080540387010555 7 9 0.14125553618060951
183 137 4 6 9 0.061065733654038445 7 9 0.04875510041710601 6 10 0.4949829812417041 7 10 0.3951961846871515
184 138 4 6 11 0.28529497706175133 7 11 0.3836562659621908 6 12 0.1411859960090177 7 12 0.1898627609670402
185 139 4 6 12 0.06772046027629991 7 12 0.16036119170045893 6 13 0.22919277096950202 7 13 0.5427255770537391
185 140 4 6 13 0.4218554059818226 7 13 0.02100757955884836 6 14 0.5307087498750929 7 14 0.026428264584236156
186 140 4 6 14 0.13173638761423784 7 14 0.6554756733153186 6 15 0.035609101806593386 7 15 0.17717883726385011
187 141 4 6 15 0.013084038408942658 7 15 0.333258431473416 6 16 0.024693709186917826 7 16 0.6289638209307234
187 142 4 6 16 0.38909933396748153 7 16 0.17202446947879924 6 17 0.3043293382394925 7 17 0.13454685831422675
188 143 4 6 17 0.06780665208570193 7 17 0.05244756031338099 6 18 0.4960542782963013 7 18 0.3836915093046157
189 144 4 6 19 0.29505211346352106 7 19 0.38433250788835954 6 20 0.1392410750935124 7 20 0.18137430355460704
190 145 4 6 20 0.07268159916191036 7 20 0.1658334311427869 6 21 0.2320438475701524 7 21 0.5294411221251504
190 146 4 6 21 0.4353351170751912 7 21 0.017961246793418213 6 22 0.5250412542679851 7 22 0.021662381863405487
191 146 4 6 22 0.139713744469955 7 22 0.65793169478754 6 23 0.03544396043714067 7 23 0.16691060030536442
191 147 4 6 22 0.010324270097099339 7 22 0.002102502724322231 6 23 0.8204843594211062 7 23 0.16708886775747223
192 147 4 6 23 0.016265397748500287 7 23 0.3405104504618041 6 24 0.029324565333621006 7 24 0.6138995864560747
192 148 4 6 24 0.40079926551479705 7 24 0.17075791625942216 6 25 0.30044162217843773 7 25 0.128001196047343
193 149 4 6 25 0.07471058611686467 7 25 0.05597700461016401 6 26 0.49696255975139947 7 26 0.3723498495215719
194 150 4 6 27 0.3049722654647867 7 27 0.38484573421503965 6 28 0.13713313857850762 7 28 0.17304886174166603
195 151 4 6 28 0.0778057536470168 7 28 0.17114265498561898 6 29 0.23473190857131038 7 29 0.5163196827960539
195 152 4 6 29 0.4489778437680549 7 29 0.014751898428493 6 30 0.5192107430613823 7 30 0.017059514742069896
196 152 4 6 30 0.1478541169251673 7 30 0.6602247006602661 6 31 0.03511580346819279 7 31 0.1568053789463738
196 153 4 6 30 0.01917099927380013 7 30 0.0036891518755526446 6 31 0.8194498457306698 7 31 0.15769000311997733
197 153 4 6 31 0.019609772687554056 7 31 0.34759945385068886 6 32 0.033792405880831676 7 32 0.5989983675809254
197 154 4 6 32 0.4126622126616077 7 32 0.16932834744055 6 33 0.296390890517888 7 33 0.12161854937995435
198 155 4 6 33 0.08177753574751888 7 33 0.05934343330744827 6 34 0.49770782560700966 7 34 0.36117120533802316
199 156 4 6 35 0.31505543306555256 7 35 0.3851959449422194 6 36 0.13486218646400983 7 36 0.1648864355282181
200 157 4 6 36 0.08309292373162072 7 36 0.17628886322896078 6 37 0.23725695397297092 7 37 0.5033612590664476
178 129 4 7 0 0.15870470197733377 8 0 0.5111200866380334 7 1 0.0782299482099208 8 1 0.25194526317471194
178 130 4 7 1 0.7895866640355573 8 1 0.0950194581437366 7 2 0.1029989107628072 8 2 0.0123949670578989
179 130 4 7 1 0.02458221171637025 8 1 0.2043729858517992 7 2 0.08278469664591363 8 2 0.6882601057859169
179 131 4 7 2 0.33857888639553335 8 2 0.10515764473654818 7 3 0.4244389465778641 8 3 0.1318245222900544
181 133 4 7 5 0.2831805445466662 8 5 0.2788168044910252 7 6 0.22070180477678972 8 6 0.21730084618551887
182 134 4 7 6 0.04533988918938865 8 6 0.07578786880111942 7 7 0.32897471830909747 8 7 0.5498975237003944
183 135 4 7 8 0.16649105420818752 8 8 0.5137671127351182 7 9 0.07825581146533152 8 9 0.2414860215913628
183 136 4 7 9 0.805891588474157 8 9 0.08914791203306087 7 10 0.094506201810472 8 10 0.010454297682310187
184 136 4 7 9 0.027572566431064552 8 9 0.21181600946504336 7 10 0.08760655741748014 8 10 0.673004866686412
184 137 4 7 10 0.3500878133179914 8 10 0.10408209614203587 7 11 0.42074223514166675 8 11 0.1250878553983059
185 138 4 7 11 0.008528992864388626 8 11 0.004771325548443566 7 12 0.6327333137703026 8 12 0.3539663678168653
186 139 4 7 13 0.29290969192307303 8 13 0.27952103544257134 7 14 0.21878487288664375 8 14 0.20878439974771187
187 140 4 7 14 0.0502730390496289 8 14 0.08128809726881041 7 15 0.3318537839351217 8 15 0.5365850797464391
188 141 4 7 16 0.17444042203853394 8 16 0.5162511232327103 7 17 0.07811865912124594 8 17 0.23118979560750985
188 142 4 7 17 0.8223595285122746 8 17 0.08311335032289617 7 18 0.0858504772586151 8 18 0.008676643906214074
189 142 4 7 17 0.03072593674525664 8 17 0.219096017478797 7 18 0.09226540258955611 8 18 0.6579126431863902
189 143 4 7 18 0.3617597558399407 8 18 0.10284353194802505 7 19 0.416882508105982 8 19 0.11851420410605228
190 144 4 7 19 0.015404937870184033 8 19 0.008328758870593901 7 20 0.6336695842507679 8 20 0.3425967190084541
191 145 4 7 21 0.3028018548989697 8 21 0.2800622507946131 7 22 0.2167049253970115 8 22 0.20043096890940568
192 146 4 7 22 0.05536920450936933 8 22 0.08662531013701572 7 23 0.3345698339616421 8 23 0.5234356513919729
193 147 4 7 24 0.18255280546837724 8 24 0.5185721181308126 7 25 0.07781849117766337 8 25 0.2210565852231467
193 148 4 7 25 0.8389904841498744 8 25 0.07691577301323496 7 26 0.07703173710727622 8 26 0.0070620057296144866
194 148 4 7 25 0.034042322658942185 8 25 0.22621300989305723 7 26 0.09676123216213138 8 26 0.6429834352858692
194 149 4 7 26 0.37359471396138916 8 26 0.10144195215452237 7 27 0.41285976547079434 8 27 0.11210356841329415
195 150 4 7 27 0.022443898475465202 8 27 0.011723176593243931 7 28 0.6344428391317513 8 28 0.3313900857995397
196 151 4 7 29 0.31285703347436156 8 29 0.2804404505471597 7 30 0.2144619623078841 8 30 0.1922405536705946
197 152 4 7 30 0.06062838556859972 8 30 0.09179950740571652 7 31 0.3371228683886761 8 31 0.5104492386370076
198 153 4 7 32 0.19082820449771842 8 32 0.5207300974294172 7 33 0.07735530763458669 8 33 0.21108639043827762
198 154 4 7 33 0.8557844553869758 8 33 0.07055518010407193 7 34 0.06804998135644277 8 34 0.005610383152509441
199 154 4 7 33 0.037521724172121906 8 33 0.23316698670781594 7 34 0.10109404613521247 8 34 0.6282172429848497
199 155 4 7 34 0.38559268768232874 8 34 0.09987735676152122 7 35 0.4086740072361192 8 35 0.10585594832003084
200 156 4 7 35 0.029645874680260583 8 35 0.014954578716408836 7 36 0.6350530784132167 8 36 0.320346468190114
179 129 4 8 0 0.006402560922238462 9 0 0.007771303082018888 8 1 0.4453134228289355 9 1 0.5405127131668072
180 130 4 8 2 0.1846889636218954 9 2 0.38861530933515964 8 3 0.13745927830430782 9 3 0.2892364487386372
180 131 4 8 3 0.7705894492162575 9 3 0.01749615730470969 8 4 0.20720971732105936 9 4 0.004704676157973532
181 131 4 8 3 0.025504337272947947 9 3 0.10693034463690924 8 4 0.16707616282828455 9 4 0.7004891552618583
181 132 4 8 4 0.2945195354882642 9 4 0.052696479985512336 8 5 0.5537118892240782 9 5 0.09907209530214524
182 132 4 8 5 0.0435774239028304 9 5 0.647987666959839 8 6 0.01943533437343138 9 6 0.28899957476389926
182 133 4 8 6 0.6513582593502112 9 6 0.25498816507637023 8 7 0.06730542353716411 9 7 0.026348152036254444
183 134 4 8 7 0.2742105132023804 9 7 0.1912663201770105 8 8 0.31488542786002427 9 8 0.21963773876058493
184 135 4 8 8 0.011307721757109779 9 8 0.013299520575078773 8 9 0.44822047748032495 9 9 0.5271722801874865
185 136 4 8 10 0.19261034242687838 9 10 0.39112730885812236 8 11 0.13735011498558927 9 11 0.27891223372941
185 137 4 8 11 0.7870294002290112 9 11 0.011489584619908845 8 12 0.19858198179456998 9 12 0.0028990333565099328
186 137 4 8 11 0.02862971856177142 9 11 0.11423834167603149 8 12 0.1717629970257255 9 12 0.6853689427364715
186 138 4 8 12 0.3061634889848514 9 12 0.05148590481687088 8 13 0.5498801512137556 9 13 0.09247045498452228
187 138 4 8 13 0.04971902316175837 9 13 0.6522794460288495 8 14 0.02110595060076785 9 14 0.27689558020862437
187 139 4 8 14 0.6660184308169034 9 14 0.2507613719376238 8 15 0.06045746755673635 9 15 0.02276272968873645
188 140 4 8 15 0.2840746871529088 9 15 0.1918355245544206 8 16 0.31283346939576023 9 16 0.21125631889691038
189 141 4 8 16 0.016375898191482986 9 16 0.01866472246865131 8 17 0.45096451653221625 9 17 0.5139948628076495
190 142 4 8 18 0.2006947368313545 9 18 0.393476292781592 8 19 0.13707793606737398 9 19 0.2687510343196795
191 143 4 8 19 0.03191811545008961 9 19 0.12138332311565905 8 20 0.17628681562366816 9 20 0.6704117458105833
191 144 4 8 20 0.31797045808092755 9 20 0.05011231404873316 8 21 0.5458853976039438 9 21 0.08603183026639555
192 144 4 8 21 0.05602363802017891 9 21 0.6564082094983673 8 22 0.022613551228608118 9 22 0.26495460125284553
192 145 4 8 22 0.6808416178830822 9 22 0.24637156319938353 8 23 0.053446495976818414 9 23 0.01934032294071592
193 146 4 8 23 0.294101876702935 9 23 0.19224171333234014 8 24 0.3106184953319949 9 24 0.20303791463273002
194 147 4 8 24 0.021607090225347833 9 24 0.02386690876272493 8 25 0.45354553998461217 9 25 0.5009804610273151
195 148 4 8 26 0.20894214683532328 9 26 0.39566226110556174 8 27 0.13664274154966605 9 27 0.2587528505094491
196 149 4 8 27 0.035369527937900436 9 27 0.12836528895577942 8 28 0.18064761862212175 9 28 0.6556175644841984
196 150 4 8 28 0.32994044277649753 9 28 0.04857570768110168 8 29 0.5417276283946345 9 29 0.07975622114776622
197 150 4 8 29 0.06249126847809452 9 29 0.6603739573683902 8 30 0.02395813625695331 9 30 0.2531766378965619
197 151 4 8 30 0.695827820548756 9 30 0.24181873886164815 8 31 0.0462725087974054 9 31 0.016080931792190466
198 152 4 8 31 0.30429208185245193 9 31 0.1924848865107617 8 32 0.30824050566873873 9 32 0.19498252596804763
199 153 4 8 32 0.027001297858711477 9 32 0.028906079457307034 8 33 0.455963547837513 9 33 0.48812907484646856
200 154 4 8 34 0.2173525724387942 9 34 0.39768521383003663 8 35 0.13604453143246323 9 35 0.2489176822987061
201 155 4 8 35 0.038983956025211375 9 35 0.13518423919642514 8 36 0.18484540602107163 9 36 0.6409863987572919
201 156 4 8 36 0.3420734430715754 9 36 0.046876085713976855 8 37 0.5374068435858176 9 37 0.07364362762863022
179 128 4 9 0 0.6363684620211036 10 0 0.163024068419227 9 1 0.15969659711895584 10 1 0.04091087244071347
180 128 4 9 0 0.0015590779047242682 10 0 0.14218252792449654 9 1 0.00928731479925461 10 1 0.8469710793715246
180 129 4 9 1 0.23895457730144454 10 1 0.11956836209168835 9 2 0.4275427400136479 10 2 0.21393432059321923
181 130 4 9 3 0.4927152227744698 10 3 0.424938125571468 9 4 0.044214352715648234 10 4 0.03813229893841395
182 131 4 9 4 0.1942235056349814 10 4 0.28256025166377313 9 5 0.2131383280301705 10 5 0.310077914671075
183 132 4 9 5 0.009976743198047222 10 5 0.025937423053504965 9 6 0.26781734864213397 10 6 0.6962684851063139
183 133 4 9 6 0.23401046494951838 10 6 0.016685034865953168 9 7 0.6994345515017762 10 7 0.04986994868275215
184 133 4 9 7 0.08820128547889325 10 7 0.5068432897254639 9 8 0.06002506453631719 10 8 0.3449303602593257
184 134 4 9 8 0.6510006444624251 10 8 0.15882526430585125 9 9 0.15287663016389513 10 9 0.03729746106782842
185 134 4 9 8 0.002876690622125542 10 8 0.151298293535041 9 9 0.015781917568117778 10 9 0.8300430982747157
185 135 4 9 9 0.24879076222661442 10 9 0.12016555549447148 9 10 0.4255187705747424 10 10 0.20552491170417164
186 136 4 9 11 0.5055676256697398 10 11 0.42251910100414386 9 12 0.039174165306642784 10 12 0.032739108019473655
187 137 4 9 12 0.20227991101408715 10 12 0.2849372246126059 9 13 0.21289413813732555 10 13 0.29988872623598145
188 138 4 9 13 0.013237151060995976 10 13 0.03311039351849468 9 14 0.27236915626544594 10 14 0.6812832991550635
188 139 4 9 14 0.24578944502022534 10 14 0.01533943312318467 9 15 0.6954677869173301 10 15 0.04340333493925984
189 139 4 9 15 0.09447791131194805 10 15 0.5110000422203476 9 16 0.0615606541895268 10 16 0.3329613922781776
189 140 4 9 16 0.6657958425032389 10 16 0.15446344459297595 9 17 0.14589364760934578 10 17 0.03384706529443928
190 140 4 9 16 0.0043573189390214845 10 16 0.16025104354609082 9 17 0.022113504737482644 10 17 0.8132781327774051
190 141 4 9 17 0.25878996275126703 10 17 0.12059973329775739 9 18 0.42333178553634704 10 18 0.1972785184146286
191 142 4 9 19 0.5185830441645048 10 19 0.4199370608373244 9 20 0.03397096229814207 10 20 0.02750893270002863
192 143 4 9 20 0.2104993319926898 10 20 0.28715118196194167 9 21 0.21248693264498736 10 21 0.28986255340038114
193 144 4 9 21 0.01666057452344215 10 21 0.040120348383994246 9 22 0.27675794828926426 10 22 0.6664611288032993
193 145 4 9 22 0.2577314406904412 10 22 0.013830815780921836 9 23 0.6913380067333751 10 23 0.037099736795261865
194 145 4 9 23 0.10091755274449818 10 23 0.5149937791157504 9 24 0.0629332282432375 10 24 0.3211554398965139
194 146 4 9 24 0.6807540561435538 10 24 0.1499386092806068 9 25 0.13874764945529533 10 25 0.03055968512054398
195 146 4 9 24 0.006000962855412756 10 24 0.16904077795763076 9 25 0.028282076307355814 10 25 0.7966761828796007
195 147 4 9 25 0.26895217887541745 10 25 0.12087089550154542 9 26 0.42098178489846105 10 26 0.18919514072457608
196 148 4 9 27 0.5317614782587613 10 27 0.41719200507100657 9 28 0.02860474369015016 10 28 0.02244177298008207
197 149 4 9 28 0.2188817685707838 10 28 0.28920212371178167 9 29 0.21191671155315417 10 29 0.27999939616428043
198 150 4 9 29 0.02024701358538359 10 29 0.046967287649998544 9 30 0.2809837247135873 10 30 0.6518019740510307
198 151 4 9 30 0.2698364519601325 10 30 0.012159182839161734 9 31 0.6870452109499482 10 31 0.030959154250757525
199 151 4 9 31 0.10752020977654213 10 31 0.5188245004116377 9 32 0.06414278669745799 10 32 0.30951250311436224
199 152 4 9 32 0.695875285383358 10 32 0.14525075836874113 9 33 0.13143863570175565 10 33 0.027435320546145208
200 152 4 9 32 0.007807622371299005 10 32 0.17766749676969024 9 33 0.03428763227773037 10 33 0.7802372485812804
200 153 4 9 33 0.2792774105990732 10 33 0.12097904210584273 9 34 0.41846876866106975 10 34 0.18127477863401434
201 154 4 9 35 0.5451029279525134 10 35 0.4142839337052001 9 36 0.023075509482658817 10 36 0.01753762885962767
202 155 4 9 36 0.22742722074838465 10 36 0.29109004986213743 9 37 0.21118347486181777 10 37 0.2702992545276602
180 127 4 10 0 0.3299624787469468 11 0 0.5989977935183475 10 1 0.02523298934591854 11 1 0.04580673838878728
181 128 4 10 1 0.11012679061578506 11 1 0.3779638906023113 10 2 0.11550093565210591 11 2 0.3964083831297978
181 129 4 10 2 0.6194261009277074 11 2 0.08344591385431095 10 3 0.26185254995130064 11 3 0.03527543526668089
182 129 4 10 2 0.004536057187196079 11 2 0.042685032983719735 10 3 0.0915239272557278 11 3 0.8612549825733564
182 130 4 10 3 0.1969500801200741 11 3 0.06505234361476112 10 4 0.5547608289339634 11 4 0.18323674733120146
183 131 4 10 5 0.5108621812440667 11 5 0.3102706514435734 10 6 0.11128098598500362 11 6 0.06758618132735628
184 132 4 10 6 0.18730832801658034 11 6 0.1929549136238619 10 7 0.30526709738751284 11 7 0.31446966097204476
185 133 4 10 8 0.34100711307079706 11 8 0.5983865375224501 10 9 0.022000570508332706 11 9 0.03860577889842011
186 134 4 10 9 0.11637542742347658 11 9 0.3821486321225801 10 10 0.11706451433067883 11 10 0.38441142612326445
186 135 4 10 10 0.6341933099431659 11 10 0.0791120831668056 10 11 0.2548975564221067 11 11 0.03179705046792181
187 135 4 10 10 0.005988696478724082 11 10 0.0516657720201302 10 11 0.09788350345046425 11 11 0.8444620280506816
187 136 4 10 11 0.20692129161935555 11 11 0.06551451044341085 10 12 0.5526018329209462 11 12 0.17496236501628729
188 137 4 10 13 0.5238496107134566 11 13 0.30771660030212195 10 14 0.10610577200187453 11 14 0.062328016982546905
189 138 4 10 14 0.19549975996981347 11 14 0.19519685999855999 10 15 0.3048878809205505 11 15 0.304415499111076
190 139 4 10 16 0.3522147629941339 11 16 0.5976122659270517 10 17 0.018605136071256696 11 17 0.031567835007557644
191 140 4 10 17 0.12278707983065894 11 17 0.3861703580433389 10 18 0.11846507740976091 11 18 0.3725774847162413
191 141 4 10 18 0.6491235345581066 11 18 0.07461523687980334 10 19 0.24777954729343044 11 19 0.028481681268659617
192 141 4 10 18 0.007604351369746991 11 18 0.06048349545704576 10 19 0.10408006404570214 11 19 0.8278320891275052
192 142 4 10 19 0.2170555187181488 11 19 0.0658136616725706 10 20 0.5502798213084176 11 20 0.16685099830086308
193 143 4 10 21 0.5370000557823463 11 21 0.3049995335611781 10 22 0.10076754241924572 11 22 0.05723286823722997
194 144 4 10 22 0.20385420752254887 11 22 0.1972757907737776 10 23 0.3043456488540759 11 23 0.2945243528495975
195 145 4 10 24 0.36358542851696857 11 24 0.5966749787321629 10 25 0.015046686034682856 11 25 0.024692906716185747
196 146 4 10 25 0.12936174783733403 11 25 0.390029068364595 10 26 0.11970262488935027 11 26 0.36090655890872064
196 147 4 10 26 0.6642167747725398 11 26 0.06995537499330862 10 27 0.24049852256525808 11 27 0.025329327668893543
197 147 4 10 26 0.009383021860264979 11 26 0.06913820329446625 10 27 0.11011360904144496 11 27 0.8113651658038238
197 148 4 10 27 0.2273527614164194 11 27 0.06594979730223115 10 28 0.5477947940964076 11 28 0.15890264718494174
198 149 4 10 29 0.5503135164507295 11 29 0.30211945122073336 10 30 0.09526629723712693 11 30 0.052300735091410276
199 150 4 10 30 0.21237167067477208 11 30 0.19919170594949287 10 31 0.30364040118811353 11 31 0.28479622218762146
200 151 4 10 32 0.37511910963930195 11 32 0.5955746759377752 10 33 0.01132522039861393 11 33 0.017980994024308927
201 152 4 10 33 0.13609943144350403 11 33 0.3937247630863707 10 34 0.12077715676943743 11 34 0.3493986487006878
201 153 4 10 34 0.6794730305864813 11 34 0.06513249750732007 10 35 0.2330544822375773 11 35 0.022339989668621267
202 153 4 10 34 0.011324707950280219 11 34 0.07762989553240403 10 35 0.11598413843769416 11 35 0.7950612580796216
202 154 4 10 35 0.23781301971420213 11 35 0.06592291733240147 10 36 0.5451467512848858 11 36 0.1511173116685106
181 127 4 11 0 0.15577998783884123 12 0 0.11752935981535755 11 1 0.4141968138179389 12 1 0.3124938385278623
182 128 4 11 2 0.3666140105739083 12 2 0.46582574603308813 11 3 0.073795049257902 12 3 0.09376519413510154
183 129 4 11 3 0.12171618635476787 12 3 0.269853979205038 11 4 0.18912513165207537 12 4 0.41930470278811877
183 130 4 11 4 0.5860340202028427 12 4 0.020317478920878027 11 5 0.38045822241511046 12 5 0.013190278461168823
184 130 4 11 5 0.17233689302005695 12 5 0.7783636814925466 11 6 0.00893668316181193 12 6 0.04036274232558452
184 131 4 11 5 0.13849586330721414 12 5 0.026986044769308767 11 6 0.6984286374857683 12 6 0.1360894544377088
185 131 4 11 6 0.026361236381080597 12 6 0.4834697470843278 11 7 0.025344597975824824 12 7 0.4648244185587667
185 132 4 11 7 0.5125594200821745 12 7 0.2120528969471606 11 8 0.19479733888584083 12 8 0.08059034408482407
186 133 4 11 8 0.16394343076670315 12 8 0.1197992952154269 11 9 0.4138455863763415 12 9 0.30241168764152854
187 134 4 11 10 0.37779367147188353 12 10 0.4650794634630587 11 11 0.07042760384619125 12 11 0.08669926121886655
188 135 4 11 11 0.12809984973657756 12 11 0.27390369415115956 11 12 0.19055368375652645 12 12 0.4074427723557364
188 136 4 11 12 0.6009362557924081 12 12 0.015848621659243944 11 13 0.3733682023118096 12 13 0.009846920236538468
189 136 4 11 13 0.18173677437197971 12 13 0.7793971784685623 11 14 0.007349017296157257 12 14 0.03151702986330072
189 137 4 11 13 0.14860210138062796 12 13 0.027313185023833432 11 14 0.6961346148986188 12 14 0.1279500986969197
190 137 4 11 14 0.030965120216838032 12 14 0.4892992415765162 11 15 0.02855292962632456 12 15 0.4511827085803212
190 138 4 11 15 0.5256818761256864 12 15 0.20936381923157987 11 16 0.18948709832858976 12 16 0.075467206314144
191 139 4 11 16 0.17226988929406747 12 16 0.12190621501600826 11 17 0.41333134333523797 12 17 0.29249255235468635
192 140 4 11 18 0.38913634796934754 12 18 0.46417016529353317 11 19 0.06689714283498804 12 19 0.07979634390213132
193 141 4 11 19 0.13464652871788932 12 19 0.27779039349780077 11 20 0.19181922026147558 12 20 0.39574385752283436
193 142 4 11 20 0.6160015069814946 12 20 0.011216748798117614 11 21 0.3661151666089838 12 21 0.006666577611403988
194 142 4 11 21 0.19129967132339348 12 21 0.7802676598451016 11 22 0.005598335831004287 12 22 0.02283433300050068
194 143 4 11 21 0.15887135505354244 12 21 0.0274773096788647 11 22 0.6936775767119653 12 22 0.11997375855562764
195 143 4 11 22 0.035732019652093945 12 22 0.49496572046919873 11 23 0.03159824567733308 12 23 0.4377040142013743
195 144 4 11 23 0.5389673477687065 12 23 0.20651172591650552 11 24 0.18401384217183403 12 24 0.07050708414295391
196 145 4 11 24 0.18075936342092383 12 24 0.12385011921709041 11 25 0.412654084694646 12 25 0.2827364326673398
197 146 4 11 26 0.40064204006630977 12 26 0.4630978515245093 11 27 0.06320366622429023 12 27 0.07305644218489064
198 147 4 11 27 0.14135622329869307 12 27 0.28151407724493555 11 28 0.19292174116693622 12 28 0.38420795828943516
199 148 4 11 29 0.20102558387430317 12 29 0.7809751256221303 11 30 0.0036846387663590544 12 30 0.014314651737207442
199 149 4 11 29 0.1693036243259466 12 29 0.02747841873439904 11 30 0.6910575229258256 12 30 0.11216043401382883
200 149 4 11 30 0.04066193468684557 12 30 0.5004691837623928 11 31 0.03448054612884591 12 31 0.4243883354219157
200 150 4 11 31 0.5524158350112166 12 31 0.2034966170019339 11 32 0.1783775704155884 12 32 0.06570997757126106
201 151 4 11 32 0.18941185314727857 12 32 0.12563100781868142 11 33 0.4118138104545522 12 33 0.273143328579488
202 152 4 11 34 0.4123107477627706 12 34 0.4618625221559943 11 35 0.05934717401409383 12 35 0.0664795560671413
203 153 4 11 35 0.14822893347899443 12 35 0.2850747453925799 11 36 0.19386124647289932 12 36 0.3728350746555264
182 126 4 12 0 0.05201433724116395 13 0 0.3508627522379983 12 1 0.07709287336842385 13 1 0.5200300371524139
182 127 4 12 1 0.48471247227064884 13 1 0.13294595077243554 12 2 0.30004566295005064 13 2 0.08229591400686494
183 128 4 12 2 0.11583034438335187 13 2 0.06095848761252741 12 3 0.5393600490123788 13 3 0.283851118991742
184 129 4 12 4 0.38681582276939075 13 4 0.3491034181793007 12 5 0.13880682880136727 13 5 0.1252739302499413
185 130 4 12 5 0.11685586246226355 13 5 0.17819378743923006 12 6 0.27919904728352835 13 6 0.425751302814978
186 131 4 12 7 0.22762802477852234 13 7 0.6265520340757761 12 8 0.0388591431422988 13 8 0.10696079800340265
186 132 4 12 7 0.06359192686288144 13 7 0.005369465555336474 12 8 0.8585461656690495 13 8 0.07249244191273246
187 132 4 12 8 0.056590232051555694 13 8 0.35672023575554507 12 9 0.08032919404429474 13 9 0.5063603381486046
187 133 4 12 9 0.4978069392887945 13 9 0.13028486208222098 12 10 0.2947634114181694 13 10 0.07714478721081502
188 134 4 12 10 0.12412881388534888 13 10 0.06309339643847613 12 11 0.5388737949966425 13 11 0.27390399467953247
189 135 4 12 12 0.3981305102414857 13 12 0.34822210903513695 12 13 0.13530435681553676 13 13 0.11834302390784059
190 136 4 12 13 0.12337455241820276 13 13 0.18210847581122938 12 14 0.28049257281385 13 14 0.41402439895671794
191 137 4 12 15 0.23716293270456698 13 15 0.6274505044776701 12 16 0.037136450702516796 13 16 0.09825011211524619
191 138 4 12 15 0.07383319151042214 13 15 0.005561579235734237 12 16 0.8561171165077732 13 16 0.06448811274607026
192 138 4 12 16 0.0613291424614436 13 16 0.36241470367360284 12 17 0.08340249912066944 13 17 0.4928536547442841
192 139 4 12 17 0.5110644219064446 13 17 0.12746075779251667 12 18 0.28931814428678015 13 18 0.07215667601425857
193 139 4 12 18 0.014904206678028213 13 18 0.9679700484098305 12 19 0.0002596930791141013 13 19 0.01686605183302724
193 140 4 12 18 0.13259029898684146 13 18 0.0650652896649293 12 19 0.5382245253814125 13 19 0.2641198859668167
194 141 4 12 20 0.40960821331308617 13 20 0.3471777842914895 12 21 0.131638869230199 13 21 0.11157513316522535
195 142 4 12 21 0.13005625797364115 13 21 0.1858601485837367 12 22 0.28162308274467596 13 22 0.4024605106979462
196 143 4 12 23 0.24686085623010876 13 23 0.6281859592800739 12 24 0.03525074266323763 13 24 0.08970244182657959
196 144 4 12 23 0.08423747175745802 13 23 0.0055906773166368474 12 24 0.853525051747002 13 24 0.05664679917890321
197 144 4 12 24 0.06623106847082452 13 24 0.36794615599215313 12 25 0.08631278859755115 13 25 0.47950998693947117
197 145 4 12 25 0.5244849201235839 13 25 0.12447363790331573 12 26 0.28370986155590155 13 26 0.06733158041719868
198 146 4 12 26 0.1412147996878247 13 26 0.0668741672918845 12 27 0.5374122401666938 13 27 0.254498792853597
199 147 4 12 28 0.42124893198417385 13 28 0.3459704439483402 12 29 0.12781036604537382 13 29 0.10497025802211203
200 148 4 12 29 0.1369009791285742 13 29 0.18944880575674933 12 30 0.2825905770760055 13 30 0.39105963803867083
201 149 4 12 31 0.25672179535514206 13 31 0.6287583984829792 12 32 0.03320201902446513 13 32 0.08131778713741362
201 150 4 12 31 0.09480476760399553 13 31 0.0054567597980450635 12 32 0.8507699713867252 13 32 0.04896850121123419
202 150 4 12 32 0.07129601007970278 13 32 0.37331459271122064 12 33 0.08906006247493552 13 33 0.4663293347341412
202 151 4 12 33 0.5380684339402269 13 33 0.12132350241461867 12 34 0.2779385632255232 13 34 0.06266950041963132
203 152 4 12 34 0.15000231598830271 13 34 0.06852002931934498 12 35 0.5364369393524784 13 35 0.24504071533987393
204 153 4 12 36 0.4330526662547623 13 36 0.3446000880056976 12 37 0.12381884726104994 13 37 0.09852839847849018
183 126 4 13 1 0.25696251800482467 14 1 0.49026364686322316 13 2 0.0869260261686807 14 2 0.16584780896327148
184 127 4 13 2 0.0656585867060321 14 2 0.24069798711481794 13 3 0.1486622156425007 14 3 0.5449812105366493
184 128 4 13 3 0.45337524527166007 14 3 0.06776266211310475 13 4 0.41659648168798624 14 4 0.06226561092724892
185 128 4 13 4 0.07335267063337603 14 4 0.7921343121402862 13 5 0.011400389890191489 14 5 0.12311262733614632
185 129 4 13 4 0.05943098129639661 14 4 0.020837335041184943 13 5 0.6809730038382844 14 5 0.23875867982413396
186 130 4 13 6 0.3905679153333904 14 6 0.2488308099569888 13 7 0.22026832797631635 14 7 0.1403329467333045
187 131 4 13 7 0.09554581893827843 14 7 0.10298331530490297 13 8 0.38572268254646025 14 8 0.4157481832103584
188 132 4 13 9 0.2664694369054998 14 9 0.49119010629048654 13 10 0.08523132275426637 14 10 0.15710913404974736
189 133 4 13 10 0.0703695080905514 14 10 0.24642044405823707 13 11 0.15176350974424585 14 11 0.5314465381069657
189 134 4 13 11 0.46660473886394477 14 11 0.06496654684876585 13 12 0.411179203581966 14 12 0.05724951070532338
190 134 4 13 12 0.08107980998799656 14 12 0.7948405511136041 13 13 0.01148546602182994 14 13 0.1125941728765694
190 135 4 13 12 0.06786447737251597 14 12 0.02283721729300404 13 13 0.6803517232484241 14 13 0.2289465820860559
191 136 4 13 14 0.402017629379616 14 14 0.24781447423870162 13 15 0.21663082941635506 14 15 0.13353706696532724
192 137 4 13 15 0.10219953546834834 14 15 0.10676297710277878 13 16 0.38688118150265116 14 16 0.4041563059262218
193 138 4 13 17 0.27613937140567657 14 17 0.4919535501182627 13 18 0.08337360374035216 14 18 0.14853347473570855
194 139 4 13 18 0.0752434450745686 14 18 0.25197988540217287 13 19 0.15470178824649128 14 19 0.5180748812767673
194 140 4 13 19 0.47999724805572364 14 19 0.06200741598493265 13 20 0.40559890987644975 14 20 0.052396426082893945
195 140 4 13 20 0.0889699649421177 14 20 0.7973837744874287 13 21 0.011407526553973242 14 21 0.10223873401648036
195 141 4 13 20 0.07646098904813094 14 20 0.024674083945327555 13 21 0.6795674270590736 14 21 0.21929749994746794
196 142 4 13 22 0.41363035902534145 14 22 0.24663512292092202 13 23 0.2128303152568942 14 23 0.12690420279684245
197 143 4 13 23 0.10901626759790985 14 23 0.11037962330115574 13 24 0.3878766648593504 14 24 0.39272744424158396
198 144 4 13 25 0.28597232150534224 14 25 0.4925539783465283 13 26 0.08135286912695103 14 26 0.1401208310211785
199 145 4 13 26 0.08028039765807769 14 26 0.25737631114660225 13 27 0.1574770511492448 14 27 0.5048662400460752
199 146 4 13 27 0.49355277284699234 14 27 0.058885269521602474 13 28 0.39985560057144554 14 28 0.04770635705995969
200 146 4 13 28 0.09702313549573333 14 28 0.7997639822617515 13 29 0.011166571486622062 14 29 0.09204631075589306
200 147 4 13 28 0.08522051632324641 14 28 0.02634793499815783 13 29 0.6786201152702207 14 29 0.20981143340837505
201 148 4 13 30 0.42540610427055847 14 30 0.24529275600365077 13 31 0.20886678549793616 14 31 0.12043435422785469
202 149 4 13 31 0.11599601532697112 14 31 0.11383325390004019 13 32 0.3887091326165545 14 32 0.38146159815643416
203 150 4 13 33 0.2959682872045041 14 33 0.49299139097530487 13 34 0.07916911891405172 14 34 0.1318712029061393
204 151 4 13 34 0.08548036584108253 14 34 0.26260972129153587 13 35 0.16008929845250439 14 35 0.4918206144148771
204 152 4 13 35 0.5072713132377551 14 35 0.05560010745877815 13 36 0.3939492756669454 14 36 0.043179303636521386
205 152 4 13 36 0.10523932164883915 14 36 0.8019811744365841 13 37 0.010762600819775226 14 37 0.08201690309480143
205 153 4 13 36 0.09414305919785126 14 36 0.027858770451491443 13 37 0.6775097878818767 14 37 0.20048838246878065
183 125 4 14 0 0.3664485632450581 15 0 0.16599626805907758 14 1 0.32178905631733457 15 1 0.14576611237852968
184 126 4 14 1 0.051160328278110255 15 1 0.04041491197881312 14 2 0.5075095494593099 15 2 0.4009152102837667
185 127 4 14 3 0.2792191839262007 15 3 0.3714864652835421 14 4 0.14988295198625332 15 4 0.19941139880400383
186 128 4 14 4 0.06285311653942344 15 4 0.14698294162312156 14 5 0.236681277548058 15 5 0.553482664289397
186 129 4 14 5 0.405588298641209 15 5 0.019029093085255355 14 6 0.549597020057386 15 6 0.02578558821614967
187 129 4 14 6 0.13069865611772744 15 6 0.6382678109976224 14 7 0.03926799614478507 15 7 0.19176553673986502
187 130 4 14 7 0.8121994754515753 15 7 0.1715483252276939 14 8 0.013418101422048858 15 8 0.0028340978986818605
188 130 4 14 7 0.013254756311114526 15 7 0.31484211975703763 14 8 0.02714415412642726 15 8 0.6447589698054206
188 131 4 14 8 0.37787028826590846 15 8 0.16500792136615838 14 9 0.318179546782745 15 9 0.13894224358518809
189 132 4 14 9 0.057786055782817224 15 9 0.044222562802059155 14 10 0.5086960374408673 15 10 0.38929534397425625
190 133 4 14 11 0.28886112940100184 15 11 0.3722778981366794 14 12 0.14805322199771112 15 12 0.19080775046460757
191 134 4 14 12 0.06769906449807146 15 12 0.15257037199241927 14 13 0.2396475450756726 15 13 0.5400830184338368
191 135 4 14 13 0.4189528188076134 15 13 0.016097951246789418 14 14 0.5440447153772442 15 14 0.020904514568352985
192 135 4 14 14 0.13856082204647674 15 14 0.6408390233968118 14 15 0.03921804570229659 15 15 0.18138210885441503
193 136 4 14 15 0.016320924723707202 15 15 0.32220932967239063 14 16 0.0318902012000954 15 16 0.6295795444038067
193 137 4 14 16 0.3894550288862702 15 16 0.16385655907374969 14 17 0.31440702164864587 15 17 0.13228139039133419
194 138 4 14 17 0.0645747988870152 15 17 0.04786719802580692 14 18 0.509719509822932 15 18 0.37783849326424584
195 139 4 14 19 0.298666090475305 15 19 0.3729063153903221 14 20 0.14606047640967243 15 20 0.18236711772470054
196 140 4 14 20 0.07270802805621286 15 20 0.15799478676221634 14 21 0.2424507970037956 15 21 0.5268463881777752
196 141 4 14 21 0.4324803545735137 15 21 0.013003793808827558 14 22 0.5383293950976082 15 22 0.016186456520050407
197 141 4 14 22 0.14658600357472254 15 22 0.6432472201965044 14 23 0.03900507966031341 15 23 0.17116169656845973
198 142 4 14 23 0.019550108735796337 15 23 0.32941352398824725 14 24 0.03647323267427071 15 24 0.6145631346016858
198 143 4 14 24 0.4012027851061169 15 24 0.1625421811818414 14 25 0.3104714809150618 15 25 0.12578355279697978
199 144 4 14 25 0.07152655759070439 15 25 0.051348817650056194 14 26 0.5105799666055073 15 26 0.36654465815373216
200 145 4 14 27 0.3086340671491021 15 27 0.37337171704447064 14 28 0.1439047152221379 15 28 0.17408950058428932
201 146 4 14 28 0.0778800072138509 15 28 0.16325618593252406 14 29 0.2450910333324184 15 29 0.5137727735212066
201 147 4 14 29 0.44617090593891384 15 29 0.009746620771373183 14 30 0.5324510592184671 15 30 0.011631414071245788
202 147 4 14 30 0.15477420070246486 15 30 0.6454924013967078 14 31 0.03862909801883371 15 31 0.16110429988199368
202 148 4 14 30 0.012776513327182657 15 30 0.002271422335909311 14 31 0.8362777100052294 15 31 0.14867435433167858
203 148 4 14 31 0.022942308347379623 15 31 0.3364547027046024 14 32 0.040893248548950045 15 32 0.5997097403990679
203 149 4 14 32 0.41311355692545987 15 32 0.16106478769043703 14 33 0.30637292458198334 15 33 0.11944873080211975
204 150 4 14 33 0.0786413318938885 15 33 0.05466742167481057 14 34 0.5112774077885858 15 34 0.35541383864271514
205 151 4 14 35 0.3187650594223866 15 35 0.3736741030991174 14 36 0.14158593843511427 15 36 0.1659748990433817
206 152 4 14 36 0.08321500197098215 15 36 0.16835456950333128 14 37 0.2475682540615498 15 37 0.5008621744641368
184 124 4 15 0 0.16376074506721655 16 0 0.49825182806188256 15 1 0.08360728344797835 16 1 0.2543801434229225
184 125 4 15 1 0.7917615157294607 16 1 0.08503239096356507 15 2 0.11125743739684589 16 2 0.011948655910128303
185 125 4 15 1 0.02605070668878029 16 1 0.19509227539312107 15 2 0.09174958000144932 16 2 0.6871074379166494
185 126 4 15 2 0.33716618997197395 16 2 0.09875812567385407 15 3 0.43628502132936736 16 3 0.1277906630248046
187 128 4 15 5 0.2850261302160922 16 5 0.2691590033353383 15 6 0.22928959743530763 16 6 0.2165252690132618
188 129 4 15 6 0.04359792674133537 16 6 0.06971761576290465 15 7 0.3411500590850929 16 7 0.5455343984106671
189 130 4 15 8 0.17159492197060158 16 8 0.500851029486436 15 9 0.08358532203085958 16 9 0.24396872651210272
189 131 4 15 9 0.8081142648405903 16 9 0.07911302018035943 15 10 0.10271690377198074 16 10 0.010055811207069514
190 131 4 15 9 0.029088886076006563 16 9 0.2024874743338478 15 10 0.09652361610048385 16 10 0.6719000234896617
190 132 4 15 10 0.34872294156695577 16 10 0.09763475240681066 15 11 0.43254048522064453 16 11 0.12110182080558901
192 134 4 15 13 0.29480310226502554 16 13 0.2698154096143507 15 14 0.2273248408726351 16 14 0.2080566472479886
193 135 4 15 14 0.04857890127410823 16 14 0.07517001955807025 15 15 0.3439813000385826 16 15 0.5322697791292389
194 136 4 15 16 0.17959211447347997 16 16 0.5032872153115033 15 17 0.083400345014242 16 17 0.2337203252007746
194 137 4 15 17 0.8246300295512466 16 17 0.07303063379766343 15 18 0.09401335454758711 16 18 0.008325982103502879
195 137 4 15 17 0.03229008106272664 16 17 0.20971965767506623 15 18 0.1011346366000264 16 18 0.6568556246621807
195 138 4 15 18 0.36044270876143525 16 18 0.09634836354026971 15 19 0.4286329335124295 16 19 0.11457599418586549
196 139 4 15 19 0.01050034267420304 16 19 0.005421138580314083 15 20 0.6490075577746929 16 20 0.3350709609707901
197 140 4 15 21 0.3047430899134513 16 21 0.27030880029386345 15 22 0.225197068710472 16 22 0.19975104108221323
198 141 4 15 22 0.05372289140637936 16 22 0.08045940775374485 15 23 0.34664952539257593 16 23 0.5191681754472999
199 142 4 15 24 0.18775232257585608 16 24 0.505560385537073 15 25 0.08305235239813033 16 25 0.22363493948894056
199 143 4 15 25 0.8413088098613714 16 25 0.06678523181546986 15 26 0.08514678972372493 16 26 0.00675916859943384
200 143 4 15 25 0.035654291648942855 16 25 0.21678882541679573 15 26 0.10558264150007281 16 26 0.6419742414341886
200 144 4 15 26 0.3723254915554156 16 26 0.0948989590742351 15 27 0.42456236620471366 16 27 0.10821318316563569
201 144 4 15 27 0.009470406748640066 16 27 0.8021031192698962 15 28 0.002198784575404877 16 28 0.18622768940605888
201 145 4 15 27 0.017587127952018996 16 27 0.008767731630436603 15 28 0.6497329879831358 16 28 0.3239121524344086
202 146 4 15 29 0.3148460931613771 16 29 0.2706391753738833 15 30 0.2229062809488106 16 30 0.19160845051592887
203 147 4 15 30 0.059029897138139574 16 30 0.08558578034991585 15 31 0.3491547351470784 16 31 0.5062295873648662
204 148 4 15 32 0.19607554627772414 16 32 0.5076705401631434 15 33 0.08254134418252487 16 33 0.21371256937660751
204 149 4 15 33 0.8581506057709997 16 33 0.06037681423378007 15 34 0.07611720930036113 16 34 0.005355370694859175
205 149 4 15 33 0.039181517834651666 16 33 0.22369497755901813 15 34 0.10986763080062484 16 34 0.6272558738057054
205 150 4 15 34 0.384371289948877 16 34 0.09328653900870498 15 35 0.4203287832975113 16 35 0.10201338774490681
206 150 4 15 35 0.016013850904455326 16 35 0.8059930534420231 15 36 0.0034675559058522432 16 36 0.17452553974766943
206 151 4 15 35 0.0248369288293351 16 35 0.011951309081066239 15 36 0.6502954025920842 16 36 0.31291635949751445
186 125 4 16 2 0.18807226471448457 17 2 0.3774197927563023 16 3 0.14450935553966077 17 3 0.28999858698955233
186 126 4 16 3 0.7710915589128787 17 3 0.009181832121834717 16 4 0.21714098595237824 17 4 0.002585623012908212
187 126 4 16 3 0.02530009024806559 17 3 0.09932237617553805 16 4 0.17771378818111083 17 4 0.6976637453952855
187 127 4 16 4 0.29143409706740553 17 4 0.04796970292011018 16 5 0.5672307059728826 17 5 0.09336549403960166
188 127 4 16 5 0.050219007088412364 17 5 0.633533868287989 16 6 0.023227129515791523 17 6 0.2930199951078072
188 128 4 16 6 0.6551186511398125 17 6 0.24341555780050092 16 7 0.07397841007550493 17 7 0.027487380984181676
189 129 4 16 7 0.27438335687450705 17 7 0.1832812610186158 16 8 0.32514596251583966 17 8 0.2171894195910375
190 130 4 16 8 0.007893017311765059 17 8 0.008902009534162685 16 9 0.4620685602536118 17 9 0.5211364129004604
191 131 4 16 10 0.19604146819200022 17 10 0.3798839676067398 16 11 0.14435236754840958 17 11 0.27972219665285053
192 132 4 16 11 0.028473296209415796 17 11 0.10658254854211904 16 12 0.18235279770602145 17 12 0.6825913575424437
192 133 4 16 12 0.3031258752365154 17 12 0.046711303078938775 16 13 0.5633511432900336 17 13 0.08681167839451227
193 133 4 16 13 0.05640843101986975 17 13 0.6377778226844774 16 14 0.024849921070596772 17 14 0.28096382522505625
193 134 4 16 14 0.669826647279037 17 14 0.23914093998922953 16 15 0.06708262942254135 17 15 0.023949783309192254
194 135 4 16 15 0.28429535549756907 17 15 0.18380264072349953 16 16 0.32304617937904034 17 16 0.2088558243998912
195 136 4 16 16 0.01300901841866847 17 16 0.014219386755205017 16 17 0.46476477463297283 17 17 0.5080068201931537
196 137 4 16 18 0.2041736872690051 17 18 0.3821851268576733 16 19 0.14403236395766736 17 19 0.2696088219156542
197 138 4 16 19 0.03180951777026441 17 19 0.11367970530921617 16 20 0.18682879163143545 17 20 0.6676819852890838
197 139 4 16 20 0.3149806690051274 17 20 0.04528988763827256 16 21 0.5593085650076842 17 21 0.08042087834891586
198 139 4 16 21 0.06276087055082298 17 21 0.6418587614814625 16 22 0.02630969702590797 17 22 0.26907067094180653
198 140 4 16 22 0.6846976590177491 17 22 0.23470330657845578 16 23 0.060023833170093584 17 23 0.020575201233701552
199 141 4 16 23 0.29437036972012276 17 23 0.1841610048288843 16 24 0.320783380642751 17 24 0.2006852448082419
200 142 4 16 24 0.018288035125067152 17 24 0.019373748376752077 16 25 0.46729797341283863 17 25 0.4950402430853421
201 143 4 16 26 0.21246892194550546 17 26 0.38432327050911863 16 27 0.14354934476742595 17 27 0.2596584627779499
202 144 4 16 27 0.03530875493060689 17 27 0.12061384647681218 16 28 0.1911417699573574 17 28 0.6529356286352236
202 145 4 16 28 0.3269984783732346 17 28 0.04370545659811111 16 29 0.5551029711258396 17 29 0.07419309390281469
203 145 4 16 29 0.06927632568127079 17 29 0.6457766846789604 16 30 0.027606457381722797 17 30 0.257340532258046
203 146 4 16 30 0.6997316863559564 17 30 0.23010265756818687 16 31 0.052802021318150656 17 31 0.017363634757706005
204 147 4 16 31 0.30460839954217067 17 31 0.18435635333477488 16 32 0.31835756630696577 17 32 0.19267768081608874
205 148 4 16 32 0.023730067430953662 17 32 0.02436509439879677 16 33 0.4696681565932111 17 33 0.4822366815770384
206 149 4 16 34 0.2209271722215017 17 34 0.386298398561061 16 35 0.14290330997769415 17 35 0.24987111923974326
207 150 4 16 35 0.038971007690446764 17 35 0.12738497204492166 16 36 0.19529173268378017 17 36 0.6383522875808515
207 151 4 16 36 0.33917930334083124 17 36 0.04195800995845294 16 37 0.5507343616445074 17 37 0.06812832505620842
185 123 4 17 0 0.6384082871408948 18 0 0.15317202781318245 17 1 0.16809015032711055 18 1 0.04032953471881228
186 123 4 17 0 0.002892546303006955 18 0 0.13303684403996033 17 1 0.01838722472891403 18 1 0.8456833849281187
186 124 4 17 1 0.23740685430374558 18 1 0.11330386960311924 17 2 0.4395238413392872 18 2 0.20976543475384807
187 125 4 17 3 0.49801332998724623 18 3 0.41182780287243076 17 4 0.04934962383081756 18 4 0.04080924330950542
188 126 4 17 4 0.19593406473027591 18 4 0.27303747708221054 17 5 0.22186114726281808 18 5 0.30916731092469546
189 127 4 17 5 0.008099754175866994 18 5 0.020002196589417116 17 6 0.2801277159922562 18 6 0.6917703332424596
189 128 4 17 6 0.22925228453135754 18 6 0.01363099979784594 17 7 0.7146261102478793 18 7 0.042490605422917264
190 128 4 17 7 0.09317012666718265 18 7 0.4940622330509136 17 8 0.06548960167597169 18 8 0.34727803860593204
190 129 4 17 8 0.6530882942547407 18 8 0.14892539902727503 17 9 0.16122235869952542 18 9 0.03676394801845892
191 129 4 17 8 0.004257983692938071 18 8 0.14210478497796042 17 9 0.024834002825247357 18 9 0.8288032285038541
191 130 4 17 9 0.24729086390144503 18 9 0.11385323833337281 17 10 0.4374520472278503 18 10 0.2014038505373318
192 131 4 17 11 0.510913557555043 18 11 0.40936095363257974 17 12 0.04426161174928157 18 12 0.03546387706309567
193 132 4 17 12 0.20403829478191485 18 12 0.2753666253585173 17 13 0.22156913269743989 18 13 0.2990259471621279
194 133 4 17 13 0.011407986711348074 18 13 0.02712734238188177 17 14 0.2846316989430378 18 14 0.6768329719637324
194 134 4 17 14 0.2410790892746015 18 14 0.01223757338254769 17 15 0.7106115209908961 18 15 0.03607181635195471
195 134 4 17 15 0.09949457717276652 18 15 0.4981711608732682 17 16 0.06697736665665044 18 16 0.3353568952973148
195 135 4 17 16 0.667931316968083 18 16 0.14451575464187102 17 17 0.15419155147244556 18 17 0.03336137691760029
196 135 4 17 16 0.005786436682364478 18 16 0.15100971031647975 17 17 0.03111776532208357 18 17 0.8120860876790721
196 136 4 17 17 0.2573378890986304 18 17 0.1142395914641259 17 18 0.4352172375169294 18 18 0.1932052819203143
197 137 4 17 19 0.5239768007223327 18 19 0.4067310887932286 17 20 0.03901058406825462 18 20 0.030281526416184156
198 138 4 17 20 0.21230554043304767 18 20 0.27753275803532307 17 21 0.22111410253257158 18 21 0.28904759899905774
199 139 4 17 21 0.014879234846322266 18 21 0.034089472574846055 17 22 0.28897266629432805 18 22 0.6620586262845036
199 140 4 17 22 0.2530689096173417 18 22 0.010681131367753293 17 23 0.7064339161344203 18 23 0.02981604288048466
200 140 4 17 23 0.10598204327784916 18 23 0.5021170730961385 17 24 0.06830211603783223 18 24 0.32359876758817996
200 141 4 17 24 0.6829373552809282 18 24 0.13994309465697166 17 25 0.14699772864586494 18 25 0.030121821416235223
201 141 4 17 24 0.007477905271285485 18 24 0.1597516200554972 17 25 0.03723851221942337 18 25 0.7955319624537939
201 142 4 17 25 0.2675479298953197 18 25 0.11446292899538958 17 26 0.4328194122065009 18 26 0.18516972890278982
202 143 4 17 27 0.5372030594891214 18 27 0.4039382083543855 17 28 0.03359654078772839 18 28 0.025262191368764644
203 144 4 17 28 0.2207358016836736 18 28 0.27953587511263106 17 29 0.2204960567682101 18 29 0.27923226643548527
204 145 4 17 29 0.01851349858079377 18 29 0.04088858716832029 17 30 0.2931506180461192 18 30 0.6474472962047667
204 146 4 17 30 0.265221745559563 18 30 0.008961673753463153 17 31 0.7020932956784635 18 31 0.023723285008510366
205 146 4 17 31 0.11263252498241966 18 31 0.5058999697194921 17 32 0.06946384981952257 18 32 0.31200365547856573
205 147 4 17 32 0.6981064091932518 18 32 0.1352074190725792 17 33 0.13964089021980025 18 33 0.027045281514368687
206 147 4 17 32 0.009332389459702274 18 32 0.16833051419502615 17 33 0.04319624351726921 18 33 0.7791408528280024
206 148 4 17 33 0.27792098629149475 18 33 0.11452325092715303 17 34 0.43025857129658834 18 34 0.17729719148476375
207 149 4 17 35 0.5505923338554031 18 35 0.4009823123160423 17 36 0.02801948190771124 18 36 0.020405871920843328
208 150 4 17 36 0.22932907853380383 18 36 0.2813759765904574 17 37 0.21971499540434244 18 37 0.26957994947139635
186 122 4 18 0 0.3367983013828874 19 0 0.5843497553961533 18 1 0.028830545037918234 19 1 0.050021398183041126
187 123 4 18 1 0.11337506513425254 19 1 0.3669034005975903 18 2 0.12268603946158417 19 2 0.39703549480657296
187 124 4 18 2 0.6197931840501903 19 2 0.07526661524555997 18 3 0.2719188451567616 19 3 0.03302135554748795
188 124 4 18 2 0.004196783588183789 19 2 0.03521209109646395 18 3 0.1022965791826822 19 3 0.8582945461326701
188 125 4 18 3 0.1937296151250816 19 3 0.060460593123485486 18 4 0.5684146722568998 19 4 0.17739511949453318
189 126 4 18 5 0.5144875464595412 19 5 0.29883307074183085 18 6 0.11808899909747127 19 6 0.06859038370115672
190 127 4 18 6 0.1873461451145862 19 6 0.18510488103959527 18 7 0.3156626586174555 19 7 0.311886315228363
191 128 4 18 8 0.34789076037926253 19 8 0.5836906747277165 18 9 0.025550301527807507 19 9 0.04286826336521339
192 129 4 18 9 0.11967152661446914 19 9 0.37104031744531946 18 10 0.12420179346762837 19 10 0.38508636247258304
192 130 4 18 10 0.6346082177381778 19 10 0.07088495988552565 18 11 0.26491602695503697 19 11 0.029590795421259662
193 130 4 18 10 0.005697247552242517 19 10 0.04414500546035096 18 11 0.10860833070488428 19 11 0.8415494162825222
193 131 4 18 11 0.20374865129689823 19 11 0.060874935279607356 18 12 0.5662078515713458 19 12 0.16916856185214865
194 132 4 18 13 0.5275228006014658 19 13 0.2962311949278519 18 14 0.11286596044180741 19 14 0.06338004402887484
195 133 4 18 14 0.19558540174034628 19 14 0.18729900274176642 18 15 0.315235617477958 19 15 0.3018799780399293
196 134 4 18 16 0.359146234975134 19 16 0.5828685784597909 18 17 0.022107042418198743 19 17 0.0358781441468764
197 135 4 18 17 0.1261310036941807 19 17 0.375014218693549 18 18 0.12555453187417945 19 18 0.37330024573809084
197 136 4 18 18 0.649586267025646 19 18 0.06634028892599593 18 19 0.2577501931538296 19 19 0.026323250894528576
198 136 4 18 18 0.00736072711579577 19 18 0.05291490422473618 18 19 0.11475706662759547 19 19 0.8249673020318725
198 137 4 18 19 0.21393070306822123 19 19 0.06112626183623733 18 20 0.5638380152862854 19 20 0.1611050198092561
199 138 4 18 21 0.5407210703428841 19 21 0.29346630351437225 18 22 0.10747990618665366 19 22 0.058332719956090115
200 139 4 18 22 0.20398767396561718 19 22 0.18933010884445578 18 23 0.3146455607389516 19 23 0.2920366564509755
201 140 4 18 24 0.3705647251704988 19 24 0.5818834665923717 18 25 0.01850076770909467 19 25 0.029051040528034738
202 141 4 18 25 0.13275349637338765 19 25 0.37882510434228056 18 26 0.12674425468123693 19 26 0.36167714460309486
202 142 4 18 26 0.6647273319126252 19 26 0.06163260236696973 18 27 0.2504213437531148 19 27 0.023218721967290332
203 142 4 18 26 0.009187222278845119 19 26 0.06152178738963257 18 27 0.12074278695081055 19 27 0.8085482033807118
203 143 4 18 27 0.22427577043902253 19 27 0.0612145727933673 18 28 0.5613051634017466 19 28 0.15320449336586348
204 144 4 18 29 0.5540823556837974 19 29 0.29053839650139734 18 30 0.10193083633200477 19 30 0.05344841148280053
205 145 4 18 30 0.2125529617903622 19 30 0.19119819934763466 18 31 0.3138924884004655 19 31 0.28235635046153756
206 146 4 18 32 0.38214623096535955 19 32 0.5807353391254496 18 33 0.014731477400498417 19 33 0.022386952508692517
207 147 4 18 33 0.13953900465209076 19 33 0.38247297439152317 18 34 0.12777096188879647 19 34 0.3502170590675896
207 148 4 18 34 0.6800314123990849 19 34 0.05676190020844836 18 35 0.2429294787529176 19 35 0.02027720863954907
208 148 4 18 34 0.011176733041389589 19 34 0.06996565495503385 18 35 0.12656549167452869 19 35 0.7922921203290477
208 149 4 18 35 0.23478385340933658 19 35 0.061139868151006214 18 36 0.5586092959176971 19 36 0.14546698252196014
187 122 4 19 0 0.15409723826701677 20 0 0.11139989390091398 19 1 0.4263129417177074 20 1 0.3081899261143619
188 123 4 19 2 0.3717770912125522 20 2 0.4528504499081762 19 3 0.07906534694720208 20 3 0.09630711193206958
189 124 4 19 3 0.12329171887593558 20 3 0.26046623119760226 19 4 0.19798297745884974 20 4 0.4182590724676124
189 125 4 19 4 0.5847283613280307 20 4 0.013810922309421806 19 5 0.3921972596178663 20 5 0.009263456744681119
190 125 4 19 5 0.18075825575169685 20 5 0.7621301032746458 19 6 0.010948698758117777 20 6 0.04616294221553948
190 126 4 19 5 0.13360265631493293 20 5 0.024067036275329176 19 6 0.7137552228059934 20 6 0.1285750846037445
191 126 4 19 6 0.03119505099524047 20 6 0.47082371698390724 19 7 0.030944161689605242 20 7 0.46703707033124714
191 127 4 19 7 0.5145120433003543 20 7 0.2022880582427127 19 8 0.20327809399560315 20 8 0.07992180446132986
192 128 4 19 8 0.16230850586740814 20 8 0.11362200462845379 19 9 0.4259138896035785 20 9 0.2981555999005595
193 129 4 19 10 0.3830045767830593 20 10 0.452056342665622 19 11 0.07565007686295752 20 11 0.0892890036883611
194 130 4 19 11 0.12972320693027767 20 11 0.2644681214711986 19 12 0.1993637048907685 20 12 0.4064449667077552
194 131 4 19 12 0.5996784215901322 20 12 0.00929424037525892 19 13 0.3850594148420275 20 13 0.005967923192581381
195 131 4 19 13 0.19020596177614624 20 13 0.7631157755781349 19 14 0.009313208219932794 20 14 0.037365054425786
195 132 4 19 13 0.14375671906087656 20 13 0.024346351857323992 19 14 0.7114133755463125 20 14 0.12048355353548705
196 132 4 19 14 0.03584675950353043 20 14 0.4766053868035557 19 15 0.0341046686675779 20 15 0.453443185025336
196 133 4 19 15 0.5276823240163976 20 15 0.19955115585460065 19 16 0.19792002876582246 20 16 0.0748464913631793
197 134 4 19 16 0.17068278906730705 20 16 0.11568109975650794 19 17 0.42535182188994053 20 17 0.28828428928624455
198 135 4 19 18 0.3943950779530551 20 18 0.45109921982356477 19 19 0.07207179117922441 20 19 0.08243391104415573
199 136 4 19 19 0.13631771058411876 20 19 0.2683069961453033 19 20 0.20058141672319185 20 20 0.39479387654738624
200 137 4 19 21 0.1998166834000921 20 21 0.7639384322821422 19 22 0.007514702082249577 20 22 0.0287301822355162
200 138 4 19 21 0.15407379740632193 20 21 0.024462651839824368 19 22 0.7089085126871314 20 22 0.11255503806672222
201 138 4 19 22 0.040661483611315136 20 22 0.4822240410237168 19 23 0.03710216004605401 20 23 0.44001231531891416
201 139 4 19 23 0.5410156203319559 20 23 0.19665123786700264 19 24 0.19239894793652504 20 24 0.06993419386451646
202 140 4 19 24 0.1792200878666935 20 24 0.11757717928505992 19 25 0.4246267385768185 20 25 0.27857599427142815
203 141 4 19 26 0.4059485947225475 20 26 0.4499790813820108 19 27 0.06833048989599645 20 27 0.07574183399944522
204 142 4 19 27 0.14307522983745263 20 27 0.2719828552199079 19 28 0.20163611295612238 20 28 0.38330580198651704
205 143 4 19 29 0.20959042062352506 20 29 0.7645980733866403 19 30 0.005553180345075616 20 30 0.020258325644758955
205 144 4 19 29 0.16455389135124923 20 29 0.02441593622282829 19 30 0.706240634228465 20 30 0.1047895381974575
206 144 4 19 30 0.045639223318596336 20 30 0.48767967964437403 19 31 0.039936635825037245 20 31 0.42674446121199244
206 145 4 19 31 0.5545119322469894 20 31 0.19358830427990037 19 32 0.18671485150775413 20 32 0.06518491196535613
207 146 4 19 32 0.1879204022655751 20 32 0.11931024321411676 19 33 0.42373863966420133 20 33 0.26903071485610686
208 147 4 19 34 0.41766512709153697 20 34 0.4486959273409671 19 35 0.06442617301326958 20 35 0.06921277255422632
209 148 4 19 35 0.14999576469028442 20 35 0.27549569869502905 19 36 0.2025277935895496 20 36 0.3719807430251369
