background
2D
22
37 0 2 284 132 0.7537281599999801 285 132 0.2462718400000199
37 1 2 285 133 0.14174336000002086 284 133 0.8582566399999791
37 2 2 285 134 0.03721488000002182 284 134 0.9627851199999782
36 0 4 283 131 0.07488615499653035 284 131 0.025195565003461144 283 132 0.6733639250034608 284 132 0.2265543549965477
36 1 4 283 132 0.09001913423788241 284 132 0.015540665762112249 283 133 0.7627594257621078 284 133 0.13168077423789756
36 2 4 283 133 0.1062973442306583 284 133 0.004740535769325296 283 134 0.8510096957693309 284 134 0.037952424230685476
36 3 4 282 134 0.007204824974897014 283 134 0.10931113502508975 282 135 0.05463069502509125 283 135 0.828853344974922
36 4 4 282 135 0.020295416470559137 283 135 0.10169862352944499 282 136 0.14606858352942817 283 136 0.7319373764705677
36 5 4 282 136 0.034531238717653984 283 136 0.0929408812823391 282 137 0.23636124128233235 283 137 0.6361666387176745
36 6 4 282 137 0.04991229171618865 283 137 0.0830379082838076 282 138 0.3255086682837967 283 138 0.541541131716207
36 7 4 282 138 0.06643857546615932 283 138 0.07198970453383298 282 139 0.4135108645338393 283 139 0.4480608554661684
36 8 4 282 139 0.08411008996756406 283 139 0.0597962700324243 282 140 0.5003678300324336 283 140 0.355725809967578
36 9 4 282 140 0.10292683522040476 283 140 0.04645760477957964 282 141 0.5860795647795919 283 141 0.26453599522042365
36 10 4 282 141 0.12288881122468144 283 141 0.03197370877529903 282 142 0.6706460687753143 283 142 0.17449141122470524
37 3 4 283 134 0.0008069204337269007 284 134 0.011180559566260826 283 135 0.06650667956625031 284 135 0.9215058404337619
37 4 4 283 135 0.003001318158765261 284 135 0.014464241841239837 283 136 0.168840761841211 284 136 0.8136936781587839
37 5 4 283 136 0.0063409466352361875 284 136 0.01660269336475786 283 137 0.2700296133647391 284 137 0.7070267466352669
37 6 4 283 137 0.010825805863147006 284 137 0.017595914136850202 283 138 0.3700732341368273 284 138 0.6015050458631754
37 7 4 283 138 0.016455895842492307 284 138 0.017443904157500956 283 139 0.46897162415749527 284 139 0.49712857584251147
37 8 4 283 139 0.02323121657327317 284 139 0.016146663426716147 283 140 0.5667247834267134 284 140 0.39389733657329723
37 9 4 283 140 0.031151768055489998 284 140 0.013704191944495375 283 141 0.6633327119444956 284 141 0.29181132805551896
37 10 4 283 141 0.04021755028914279 284 141 0.010116489710838639 283 142 0.7587954097108419 284 142 0.19087055028917668
