background
2D
90
21 10 2 99 109 0.8806904583333477 99 110 0.11930954166665231
22 12 2 101 110 0.9741504166666459 102 110 0.025849583333354076
22 23 2 108 118 0.6554252916666599 108 119 0.34457470833334014
22 41 2 120 132 0.40758779166667125 119 132 0.5924122083333287
21 0 4 92 101 0.15740680895803486 93 101 0.30722073270863764 92 102 0.181373816041935 93 102 0.3539986422913925
21 1 4 93 102 0.49784370939988687 94 102 0.208390123933456 93 103 0.2070838739334144 94 103 0.0866822927332427
21 2 4 93 103 0.06736730245761982 94 103 0.8804728225423935 93 104 0.003707239209012914 94 104 0.04845263579097384
21 3 4 94 103 0.0828300464646221 95 103 0.1066163702020473 94 104 0.3543914535353563 95 104 0.4561621297979743
21 4 4 95 104 0.346294149754153 96 104 0.08475855857918674 95 105 0.4570743085791568 96 105 0.11187298308750343
21 5 4 95 105 0.11402607065956796 96 105 0.5586329293404422 95 106 0.05548934600707331 96 106 0.2718516539929166
21 6 4 96 106 0.48973751751421685 97 106 0.4245277741524636 96 107 0.04592485748575589 97 107 0.03980985084756364
21 7 4 97 106 0.14056644865144285 98 106 0.01530513468189376 97 107 0.7612428846818613 98 107 0.08288553198480209
21 8 4 97 107 0.10650669740454204 98 107 0.2909711775954649 97 108 0.16144959426210775 98 108 0.44107253073788527
21 9 4 98 108 0.40524534710686977 99 108 0.23383881955980756 98 109 0.22885790289311148 99 109 0.1320579304402112
21 11 4 99 109 0.04480918269254032 100 109 0.07748756730746352 99 110 0.3215879839741038 100 110 0.5561152660258923
21 12 4 100 110 0.2665750352425435 101 110 0.0973280064241307 100 111 0.46596908975743206 101 111 0.17012786857589374
21 13 4 100 111 0.05975837207509628 101 111 0.5457509612582483 100 112 0.038932711258210725 101 112 0.3555579554084447
21 14 4 101 112 0.39377156819022946 102 112 0.45334405680978546 101 113 0.07106647347642321 102 113 0.08181790152356187
21 15 4 102 112 0.07372658192125098 103 112 0.014995334745420082 102 113 0.7572584180787189 103 113 0.15401966525461003
21 16 4 102 113 0.06511824660148703 103 113 0.2652099617318544 102 114 0.1320137117318285 103 114 0.5376580799348301
21 17 4 103 114 0.32215864556427093 104 114 0.24977585443572667 103 115 0.24112027110236187 104 115 0.18694522889764056
21 18 4 104 115 0.7561258621429812 105 115 0.05741492952370094 104 116 0.17330001285699723 105 116 0.013159195476320641
21 19 4 104 115 0.016299979670902947 105 115 0.03884710366243534 104 116 0.2792728536624069 105 116 0.6655800630042548
21 20 4 105 116 0.1963675814813826 106 116 0.10038579351862603 105 117 0.4653522101852729 106 117 0.23789441481471846
21 21 4 105 117 0.015002334241068605 106 117 0.5233573324255962 105 118 0.012864415758904135 106 118 0.4487759175744311
21 22 4 106 118 0.3073172796166679 107 118 0.47264867871666727 106 119 0.08669642871665051 107 119 0.13333761295001434
21 23 4 107 118 0.016398375941503826 108 118 0.005173874058501685 107 119 0.743762290725146 108 119 0.23466545927484847
21 24 4 107 119 0.03324145654887644 108 119 0.22993708511779942 107 120 0.09306616845110482 108 120 0.6437552898822193
21 25 4 108 120 0.24858360477214173 109 120 0.2562012285611903 108 121 0.243870978561171 109 121 0.25134418810549697
21 26 4 109 121 0.640852570611303 110 121 0.10553855438869943 109 122 0.21774897105534122 110 122 0.035859903944656414
21 27 4 109 122 0.2220509373996856 110 122 0.7659464792669871 109 123 0.00269756260029001 110 123 0.009305020733037257
21 28 4 110 122 0.13567178847065772 111 122 0.09393191986268538 110 123 0.45522366986264934 111 123 0.31517262180400757
21 29 4 111 123 0.45096795715750626 112 123 0.020242042842507166 111 124 0.5060744595091464 112 124 0.02271554049084015
21 30 4 111 124 0.23037465179355734 112 124 0.4824416398731123 111 125 0.09281472320642678 112 125 0.19436898512690362
21 31 4 112 125 0.6579181640455154 113 125 0.29650441928782456 112 126 0.03141816928780018 113 126 0.014159247378859863
21 32 4 112 125 0.01087632724671026 113 125 0.18515254775330006 112 126 0.044606964419936744 113 126 0.759364160580053
21 33 4 113 126 0.18452022473046104 114 126 0.25311494193621964 113 127 0.23711002526953162 114 127 0.3252548080637877
21 34 4 114 127 0.5350909398300919 115 127 0.14415051850324487 114 128 0.2526862685032321 115 128 0.06807227316343104
21 35 4 114 128 0.14174072254561584 115 128 0.7791070274543913 114 129 0.01218344412103968 115 129 0.06696880587895314
21 36 4 115 128 0.08448765621038375 116 128 0.0779663854562938 115 129 0.43558346878960325 116 129 0.4019624895437192
21 37 4 116 129 0.3580855741577013 117 129 0.04597475917564657 116 130 0.528132509175617 117 130 0.06780715749103501
21 38 4 116 130 0.1629436847208948 117 130 0.48272294027912344 116 131 0.08942135694575506 117 131 0.2649120180542267
21 39 4 117 131 0.5487889462333215 118 131 0.3384839704333529 117 132 0.06972305376665977 118 132 0.043004029566665825
21 40 4 118 131 0.1269020670283351 119 131 0.0019771413050096785 118 132 0.8577568913049919 119 132 0.01336390036166337
21 41 4 118 132 0.1299685054392056 119 132 0.2405169945607953 118 133 0.2208374112274528 119 133 0.40867708877254627
21 42 4 119 133 0.4388409697993148 120 133 0.1732508218673565 119 134 0.278111905200675 120 134 0.10979630313265368
21 43 4 119 134 0.0709421684419765 120 134 0.7827559148913651 119 135 0.012157664891344767 120 135 0.1341442517753136
21 44 4 120 134 0.04281518470055093 121 134 0.05248919029946106 120 135 0.40643160696610175 121 135 0.49826401803388626
22 0 4 93 100 0.0571568421123617 94 100 0.041323741220965174 93 101 0.5232300745542785 94 101 0.3782893421123946
22 1 4 94 101 0.3219037476303784 95 101 0.018183127369618867 94 102 0.6246301273695933 95 102 0.03528299763040948
22 2 4 94 102 0.1818843040976216 95 102 0.399808862569046 94 103 0.1307965292356815 95 103 0.2875103040976509
22 3 4 95 103 0.5588785531807583 96 103 0.2644209051525655 95 104 0.1199492384858905 96 104 0.05675130318078576
22 4 4 95 103 0.002919119879810949 96 103 0.06198663012018315 95 104 0.04205563012016924 96 104 0.8930386198798367
22 5 4 96 104 0.1260137541947303 97 104 0.18049828747193417 96 105 0.28510795413858137 97 105 0.4083800041947542
22 6 4 97 105 0.4260352061255438 98 105 0.12208312720779105 97 106 0.3512334605410993 98 106 0.10064820612556588
22 7 4 97 106 0.1132588506722442 98 106 0.6764657743277468 97 107 0.030156774327730312 98 107 0.18011860067227872
22 8 4 98 106 0.01596506283486492 99 106 0.015365853831796403 98 107 0.49359752049845523 99 107 0.47507156283488344
22 9 4 99 107 0.2390137176133573 100 107 0.03392349071997439 99 108 0.6366958240532943 100 108 0.09036696761337401
22 10 4 99 108 0.12444569000774176 100 108 0.3900978099922603 99 109 0.11741080999224128 100 109 0.36804569000775667
22 11 4 100 109 0.4597416883513521 101 109 0.2964081033153203 100 110 0.14826176998196242 101 110 0.0955884383513652
22 13 4 101 110 0.08145438788625983 102 110 0.15790798711373907 101 111 0.2588429871137175 102 111 0.5017946378862835
22 14 4 102 111 0.33977758907755246 103 111 0.14119107758911684 102 112 0.36666674425577056 103 112 0.15236458907756015
22 15 4 102 112 0.052452649551384845 103 112 0.6701223087819406 102 113 0.020138642115255397 103 113 0.2572863995514192
22 16 4 103 113 0.42302319430779706 104 113 0.5411580556921988 103 114 0.01571505569218885 104 114 0.02010369430781538
22 17 4 104 113 0.16563534834676144 105 113 0.04015219331989049 104 114 0.6392498599865417 105 114 0.1549625983468064
22 18 4 104 114 0.07651873666829809 105 114 0.3708750966650384 104 115 0.09451342999835069 105 115 0.45809273666831285
22 19 4 105 115 0.37011648427237304 106 115 0.3188836407276196 105 116 0.16706264072760718 106 116 0.14393723427240018
22 20 4 106 116 0.8406410494923577 107 116 0.0899653671743052 106 117 0.06268503384096807 107 117 0.006708549492368929
22 21 4 106 116 0.04640668232822996 107 116 0.12580602600508917 106 117 0.22306635933841312 107 117 0.6047209323282677
22 22 4 107 117 0.26303163277998864 108 117 0.15078736722000083 107 118 0.3725883672200001 108 118 0.21359263278001042
22 24 4 108 119 0.33003040319785343 109 119 0.5670011801354768 108 120 0.03788351346879821 109 120 0.06508490319787158
22 25 4 109 119 0.1017686398306387 110 119 0.03686923516936187 109 120 0.6322922351693444 110 120 0.22906988983065504
22 26 4 109 120 0.0381034440792974 110 120 0.34214072258735934 109 121 0.06210438925401711 110 121 0.5576514440793262
22 27 4 110 121 0.29000294094384704 111 121 0.33184751738948004 110 122 0.1763518507227989 111 122 0.201797690943874
22 28 4 111 122 0.7188292554242909 112 122 0.1446274945757066 111 123 0.11367249457568654 112 123 0.022870755424316016
22 29 4 111 122 0.020870637520650836 112 122 0.08419240414600275 111 123 0.17777807081267222 112 123 0.7171588875206742
22 30 4 112 123 0.19579733723287937 113 123 0.15087199610044458 112 124 0.36899832943377514 113 124 0.2843323372329009
22 31 4 113 124 0.547650854561002 114 124 0.040624770438992264 113 125 0.3832917704389839 114 125 0.028432604561021813
22 32 4 113 125 0.2465492728383542 114 125 0.5833326438283104 113 126 0.05054031049496316 114 126 0.11957777283837218
22 33 4 114 125 0.04741359206494704 115 125 0.024074616268387982 114 126 0.615822949601716 115 126 0.312688842064949
22 34 4 114 126 0.009199812240748423 115 126 0.303894687759257 114 127 0.020183687759246033 115 127 0.6667218122407486
22 35 4 115 127 0.21940105836577337 116 127 0.3352997333008882 115 128 0.17612939996755253 116 128 0.2691698083657859
22 36 4 116 128 0.6065291221066929 117 128 0.18977796122663904 116 129 0.15514829455996448 117 129 0.048544622106703635
22 37 4 116 128 0.004846253463515486 117 128 0.03306712153648676 116 129 0.12297812153647329 117 129 0.8391085034635245
22 38 4 117 129 0.13807470243621447 118 129 0.14144496423044392 117 130 0.35589663089710577 118 130 0.36458370243623583
22 39 4 118 130 0.44822996902480944 119 130 0.07289598930851933 118 131 0.4118883226418422 119 131 0.06698571902482901
22 40 4 118 131 0.17257980322931024 119 131 0.5901524467706889 118 132 0.05368544677068706 119 132 0.18358230322931382
22 42 4 120 132 0.23575267448596324 121 132 0.010192158847362385 120 133 0.7228064921806969 121 133 0.031248674485977426
22 43 4 120 133 0.15831083653813524 121 133 0.32924028846186076 120 134 0.1663952884618564 121 134 0.3460535865381476
22 44 4 121 134 0.5037406495395171 122 134 0.22541676712713493 121 135 0.18711243379380588 122 135 0.083730149539542
