background
2D
42
3 -2 1 16 35 1.0
14 -1 2 25 29 0.7926261904761702 25 28 0.20737380952382978
0 -2 4 13 36 0.02733237294013556 14 36 0.06789953182176724 13 37 0.2596761984884366 14 37 0.6450918967496606
0 -1 4 14 37 0.2180053499709898 15 37 0.11575512621950151 14 38 0.4351736976480724 15 38 0.23106582616143628
1 -2 4 14 36 0.3831488601387744 15 36 0.34591256843266677 14 37 0.14238828271835785 15 37 0.12855028871020097
1 -1 4 15 37 0.8628073751143154 16 37 0.10478262488571435 15 38 0.02890024393330695 16 38 0.0035097560666633443
2 -2 4 15 35 0.27727253473877694 16 35 0.08561841764217422 15 36 0.48679317954694384 16 36 0.15031586807210498
2 -1 4 15 36 0.07832658765897121 16 36 0.5230929361505684 15 37 0.0519096028172396 16 37 0.3466708733732207
3 -1 4 16 35 0.08675155903356295 17 35 0.14849748858548667 16 36 0.28201320287120796 17 36 0.4827377495097424
4 -2 4 16 34 0.15204001757141827 17 34 0.4785099824285812 16 35 0.08908283957142273 17 35 0.2803671604285778
4 -1 4 17 35 0.5277856225714367 18 35 0.3412929488571514 17 36 0.07950771076189438 18 36 0.051413717809517596
5 -2 4 17 33 0.1268100162802791 18 33 0.13756950752925878 17 34 0.3528414122911504 18 34 0.3827790638993117
5 -1 4 18 34 0.42537068303450093 19 34 0.07753741220362549 18 35 0.4204512217274186 19 35 0.07664068303445497
6 -2 4 18 33 0.6450757738190385 19 33 0.2531332738000094 18 34 0.07310422618095115 19 34 0.028686726200000994
6 -1 4 18 33 0.011533883279820528 19 33 0.12520373576781585 18 34 0.07281659291065912 19 34 0.7904457880417045
7 -2 4 19 32 0.5090058616163171 20 32 0.023032709812240745 19 33 0.44770270981226107 20 33 0.02025871875918113
7 -1 4 19 33 0.24879998521226185 20 33 0.5217671576448845 19 34 0.07407906240680631 20 34 0.15535379473604735
8 -2 4 19 31 0.0323836130054416 20 31 0.1334844822326546 19 32 0.16285352985169663 20 32 0.6712783749102071
8 -1 4 20 32 0.22703136978414085 21 32 0.17736529688254388 20 33 0.3343762492634874 21 33 0.26122708406982786
9 -2 4 20 31 0.3468814089387799 21 31 0.4528162101088263 20 32 0.08688430534694686 21 32 0.11341807560544698
9 -1 4 21 31 0.030578513185945417 22 31 0.00764767729024927 21 32 0.7693576772902714 22 32 0.19241613223353396
10 -2 4 21 30 0.2914578208448996 22 30 0.14206932201224495 21 31 0.38083646486938727 22 31 0.1856363922734682
10 -1 4 21 31 0.02585046303674548 22 31 0.6462052512489876 21 32 0.012614298868031398 22 32 0.31532998684623553
11 -2 4 22 29 0.06134999158094063 23 29 0.0060066750857138895 22 30 0.8494728655619063 23 30 0.08317046777143917
11 -1 4 22 30 0.0847281717174628 23 30 0.22115706637778024 22 31 0.19226516161587417 23 31 0.5018496002888828
12 -2 4 22 29 0.10472315924217782 23 29 0.5964630312339867 22 30 0.04462826932925764 23 30 0.2541855401945779
12 -1 4 23 30 0.4844435439900376 24 30 0.4552712179147154 23 31 0.031078360771887924 24 31 0.02920687732335907
13 -2 4 23 28 0.12994589525713693 24 28 0.20506981902856594 23 29 0.2579341047428586 24 29 0.4070501809714385
13 -1 4 24 29 0.43248134175919334 25 29 0.14106294395509805 24 30 0.32156913443129226 25 30 0.10488657985441636
14 -2 4 24 28 0.6068929615305989 25 28 0.3619522765646423 24 29 0.019515609897956712 25 29 0.011639152006802031
15 -2 4 25 27 0.521275786633988 26 27 0.08139897527076319 25 28 0.3436613562231277 26 28 0.05366388187212105
15 -1 4 25 28 0.19440849950157763 26 28 0.6467948338317621 25 29 0.03669911954602816 26 29 0.1220975471206321
16 -2 4 25 26 0.02447008485305632 26 26 0.21203420086120486 25 27 0.07899562943264796 26 27 0.6845000848530909
16 -1 4 26 27 0.22309262137959016 27 27 0.2519402357632595 26 28 0.24654356909660416 27 28 0.27842357376054616
17 -2 4 26 26 0.29764918952106645 27 26 0.5726846200027331 26 27 0.044345096193197917 27 27 0.08532109428300251
17 -1 4 27 26 0.07709250208753259 28 26 0.03176987886485551 27 27 0.6310722598172218 28 27 0.2600653592303901
18 -2 4 27 25 0.2926783387333339 28 25 0.21148499460000408 27 26 0.287844518409519 28 26 0.20799214825714302
18 -1 4 28 26 0.7031014749587579 29 26 0.03959042980316863 28 27 0.24359185837458508 29 27 0.013716236863488435
19 -2 4 28 24 0.11302324677550443 29 24 0.0249696103673435 28 25 0.706028181795937 29 25 0.1559789610612151
19 -1 4 28 25 0.06974001618368497 29 25 0.3067814123877515 28 26 0.11548188857824648 29 26 0.5079966828503171
20 -2 4 28 24 0.04444153269523794 29 24 0.7273808482571199 28 25 0.01313846730476358 29 25 0.21503915174287852
20 -1 4 29 24 0.0043862210004511435 30 24 0.005964731380495266 29 25 0.4193642551900404 30 25 0.5702847924290132
