background
2D
82
8 21 2 99 89 0.25048075000000836 100 89 0.7495192499999916
9 22 2 100 90 0.5798942499999953 100 91 0.4201057500000047
10 22 2 100 91 0.1784719999999851 101 91 0.8215280000000149
25 21 2 114 99 0.8578872500000045 113 99 0.14211274999999546
27 22 2 114 101 0.07010400000000061 115 101 0.9298959999999994
30 21 2 118 102 0.9339859999999902 118 101 0.06601400000000979
0 21 4 93 84 0.622791362441622 94 84 0.07720013755837381 93 85 0.26692138755837896 94 85 0.03308711244162514
0 22 4 92 85 0.4154772222999899 93 85 0.4546102777000069 92 86 0.06203477770000025 93 86 0.06787772230000295
1 21 4 93 84 0.006710078232188125 94 84 0.10548217176781864 93 85 0.05309867176781384 94 85 0.8347090782321794
1 22 4 93 85 0.18281212900600247 94 85 0.09947612099400523 93 86 0.4647958709939886 94 86 0.2529158790060037
2 21 4 94 85 0.12056044156674157 95 85 0.40383255843324767 94 86 0.10934430843324709 95 86 0.36626269156676367
2 22 4 94 86 0.5678864332559765 95 86 0.12660256674401363 94 87 0.24981756674400127 95 87 0.05569343325600858
3 21 4 95 86 0.3746382024453161 96 86 0.561955547554684 95 87 0.025362547554687694 96 87 0.03804370244531219
3 22 4 95 86 0.10538813505000026 96 86 0.0013016149500007694 95 87 0.8824118649499927 96 87 0.010898385050006325
4 21 4 96 86 0.1988466108678667 97 86 0.14994788913211587 96 87 0.371250139132138 97 87 0.2799553608678794
4 22 4 95 87 0.08193073438799418 96 87 0.4369597656119893 95 88 0.07596526561199964 96 88 0.4051442343880169
5 21 4 97 87 0.5632831668344369 98 87 0.19771208316555652 97 88 0.17690958316556868 98 88 0.06209516683443786
5 22 4 96 88 0.30539048126999324 97 88 0.6257007687300011 96 89 0.02260151873000148 97 89 0.04630723127000414
6 21 4 98 87 0.1576583703450051 99 87 0.015537629654999259 98 88 0.7526303796550015 99 88 0.07417362034499421
6 22 4 97 88 0.17098962569600112 98 88 0.17230237430400414 97 89 0.3270983743039945 98 89 0.3296096256960002
7 21 4 98 88 0.0470569713995658 99 88 0.538339778600421 98 89 0.03332777860044164 99 89 0.3812754713995715
7 22 4 98 89 0.5048081676659892 99 89 0.25068458233399854 98 90 0.16337583233400735 99 90 0.08113141766600492
8 22 4 99 89 0.1405741071799984 100 89 0.0271193928200002 99 90 0.6977058928199991 100 90 0.13460060718000233
9 21 4 100 89 0.17235161614068312 101 89 0.23744663385931125 100 90 0.24822513385931194 101 90 0.3419766161406937
10 21 4 101 90 0.4855324098272414 102 90 0.33646659017274966 101 91 0.10514034017275457 102 91 0.07286065982725438
11 21 4 102 90 0.17817185105781658 103 90 0.056027898942185364 102 91 0.5825968989421946 103 91 0.18320335105780355
11 22 4 101 91 0.14092456098600106 102 91 0.26337118901400175 101 92 0.20764343901399915 102 92 0.38806081098599804
12 21 4 103 91 0.6017114398323723 104 91 0.044689060167626325 103 92 0.3291533101676255 104 92 0.024446189832375877
12 22 4 102 92 0.4234873406759891 103 92 0.3930091593240104 102 93 0.09517665932399785 103 93 0.08832684067600263
13 21 4 103 91 0.005916426150936948 104 91 0.05268482384905833 103 92 0.09504432384906177 104 92 0.8463544261509429
13 22 4 103 92 0.1575175179099946 104 92 0.0711797320900016 103 93 0.5312424820899933 104 93 0.2400602679100106
14 21 4 104 92 0.1276140600135082 105 92 0.343187939986498 104 93 0.14344268998650564 105 93 0.3857553100134882
14 22 4 104 93 0.550439092688008 105 93 0.09045890731199911 104 94 0.308416907311995 105 94 0.050685092687997944
15 21 4 105 93 0.3895390914200642 106 93 0.4934636585799386 105 94 0.051613658579936314 106 94 0.06538359142006085
15 22 4 104 93 0.0015373150099995592 105 93 0.051561434990004186 104 94 0.027414684989990095 105 94 0.9194865650100061
16 21 4 106 93 0.18044277037062512 107 93 0.11476072962937438 106 94 0.43080597962937633 107 94 0.27399052037062416
16 22 4 105 94 0.09261693487599569 106 94 0.3726825651240047 105 95 0.10643106512399488 106 95 0.4282694348760047
17 21 4 107 94 0.5527265968651862 108 94 0.15467765313481 107 95 0.22861815313481618 108 95 0.06397759686518764
17 22 4 106 95 0.32392395228599147 107 95 0.5535762977140056 106 96 0.045220047714000025 107 96 0.07727970228600288
18 21 4 108 94 0.1137970709037436 109 94 0.005807929096249261 108 95 0.8376436790962597 109 95 0.04275132090374746
18 22 4 107 95 0.15621836723999444 108 95 0.13348263275999933 107 96 0.38302163275999795 108 96 0.3272773672400083
19 21 4 108 95 0.06463394248631518 109 95 0.46717180751368853 108 96 0.05690280751368901 109 96 0.4112914424863073
19 22 4 108 96 0.4978841797379986 109 96 0.20401757026200606 108 97 0.21145182026199472 109 97 0.08664642973800064
20 21 4 109 96 0.27530321161287996 110 96 0.6687032883871205 109 97 0.016329538387125166 110 97 0.03966396161287442
20 22 4 109 96 0.1003453897800005 110 96 0.013757110220000819 109 97 0.7790866102199937 110 97 0.10681088978000496
21 21 4 110 96 0.1644711282834383 111 96 0.1917361217165588 110 97 0.2972576217165677 111 97 0.3465351282834352
21 22 4 109 97 0.026066747365997338 110 97 0.5002365026340007 109 98 0.023461252633997794 110 98 0.4502354973660042
22 21 4 111 97 0.4854991924980104 112 97 0.2829088075019976 111 98 0.14632555750199658 112 98 0.08526644249799546
22 22 4 110 98 0.20611800249599824 111 98 0.7323859975040107 110 99 0.013505997503997806 111 99 0.047990002495993306
23 21 4 112 97 0.14483390425656764 113 97 0.035774845743437006 112 98 0.6570868457434402 113 98 0.16230440425655515
23 22 4 111 98 0.1366766551700011 112 98 0.21402809483000446 111 99 0.25304334482999585 112 99 0.3962519051699986
24 21 4 113 98 0.5762207635591314 114 98 0.016588736440869847 113 99 0.39579598644087727 114 99 0.011394513559121397
24 22 4 112 99 0.42708670538799964 113 99 0.3358187946120026 112 100 0.13272929461199826 113 100 0.10436520538799952
25 22 4 113 99 0.1278121531499965 114 99 0.04729409685000241 113 100 0.6020998468499881 114 100 0.22279390315001302
26 21 4 114 99 0.13025692479624681 115 99 0.2869540752037478 114 100 0.18195182520374956 115 100 0.4008371747962558
26 22 4 114 100 0.5285809984559875 115 100 0.05872600154400808 114 101 0.371427001543998 115 101 0.04126599845600643
27 21 4 115 100 0.4000292267308247 116 100 0.42938252326918086 115 101 0.08227552326918679 116 101 0.08831272673080766
28 21 4 116 100 0.15762817620937603 117 100 0.08398432379062622 116 101 0.49477257379062217 117 101 0.2636149262093756
28 22 4 115 101 0.09889238169999554 116 101 0.3128161183000076 115 102 0.14130761829999178 116 102 0.4469838817000051
29 21 4 117 101 0.5377592732319361 118 101 0.11605397676806288 117 102 0.2847374767680631 118 102 0.061449273231938
29 22 4 116 102 0.33804666963799024 117 102 0.4858625803620096 116 103 0.072249330361998 117 103 0.10384141963800218
30 22 4 117 102 0.137036355120007 118 102 0.0990736448800037 117 103 0.44335564487999635 118 103 0.32053435511999295
31 21 4 118 102 0.077800159909064 119 102 0.40041459009094243 118 103 0.08488859009093694 119 103 0.43689665990905663
31 22 4 118 103 0.4865494381459991 119 103 0.1617613118540083 118 104 0.26393856185399095 119 104 0.08775068814600166
32 21 4 119 103 0.2963166995636277 120 103 0.5940988004363754 119 104 0.03646805043637416 120 104 0.0731164495636227
32 22 4 119 103 0.05570591871600318 120 103 0.004805581284000869 119 104 0.8648780812839878 120 104 0.07461041871600817
33 21 4 120 103 0.15217988676218824 121 103 0.15043636323781157 120 104 0.3507008632378145 121 104 0.34668288676218567
33 22 4 119 104 0.04286554682999623 120 104 0.4298467031700045 119 105 0.04781445316999565 120 105 0.4794732968300036
34 21 4 121 104 0.4810552215047503 122 104 0.2337617784952462 121 105 0.1919215284952534 122 105 0.0932614715047501
34 22 4 120 105 0.23076407248799294 121 105 0.6541489275120045 120 106 0.03001192751199985 121 106 0.08507507248800275
35 21 4 122 104 0.10708520379131929 123 104 0.019932546208688073 122 105 0.7359875462086853 123 105 0.13699470379130735
35 22 4 121 105 0.1280179956900017 122 105 0.1690957543100066 121 106 0.302854004309992 122 106 0.40003224568999973
36 21 4 122 105 0.00710083362187802 123 105 0.5321176663781261 122 106 0.006067916378127482 123 106 0.4547135836218685
36 22 4 122 106 0.42627531643599914 123 106 0.2830391835640058 122 107 0.17469268356399545 123 107 0.11599281643599958
37 21 4 123 106 0.17436161099644373 124 106 0.777057639003557 123 107 0.00890313900356268 124 107 0.0396776109964366
37 22 4 123 106 0.09369603472600072 124 106 0.027819215274000917 123 107 0.6773679652739948 124 107 0.20111678472600356
38 21 4 124 106 0.12848903591500677 125 106 0.23513096408500483 124 107 0.22487171408500056 125 107 0.41150828591498784
38 22 4 124 107 0.5023121505600099 125 107 0.031403849440002636 124 108 0.43884784943998656 125 108 0.027436150560000924
39 21 4 125 107 0.40610860837757323 126 107 0.36971214162243504 125 108 0.11734814162243501 126 108 0.10683110837755672
39 22 4 124 108 0.10523891393799852 125 108 0.8406778360620106 124 109 0.0060170860619988345 125 109 0.04806616393799198
40 21 4 126 107 0.13040282838413014 127 107 0.05761867161587479 126 108 0.563149921615879 127 108 0.24882857838411604
40 22 4 125 108 0.10075707486000103 126 108 0.25736042514000484 125 109 0.18059492513999725 126 109 0.4612875748599969
