background
2D
22
-1 0 2 133 478 0.35609599999997954 133 479 0.6439040000000205
-2 0 4 132 478 0.04509058077179601 133 478 0.0019884192282005357 132 479 0.9126736192281896 133 479 0.040247380771813945
-2 1 4 132 479 0.06229426313726531 133 479 0.03372813686271588 132 480 0.5864529368627088 133 480 0.31752466313731004
-2 2 4 132 480 0.04924926022715676 133 480 0.0957165397728375 132 481 0.29048093977283435 133 481 0.5645532602271714
-2 3 4 132 481 0.005955572041436285 133 481 0.18795362795857104 132 482 0.024757627958543395 133 482 0.7813331720414493
-2 4 4 133 482 0.1752657985801339 134 482 0.06758680141988649 133 483 0.5464304014198628 134 483 0.21071699858011683
-2 5 4 133 483 0.12041813984319778 134 483 0.17137786015680725 133 484 0.2922610601567875 134 484 0.41594293984320746
-2 6 4 133 484 0.035321795830670015 134 484 0.3054176041693197 133 485 0.06834040416930381 134 485 0.5909201958307064
-2 7 4 134 485 0.3096595665425586 135 485 0.08002323345744414 134 486 0.48498563345743223 135 486 0.12533156654256503
-2 8 4 134 486 0.21300925197883866 135 486 0.22561694802117718 134 487 0.27261894802114073 135 487 0.28875485197884343
-2 9 4 134 487 0.08611025213950448 135 487 0.40145934786049603 134 488 0.09050094786046352 135 488 0.421929452139536
-2 10 4 135 488 0.46547556702460374 136 488 0.07103743297540985 135 489 0.40211863297538125 136 489 0.06136836702460516
-1 1 4 133 479 0.28259218200960984 134 479 0.12244721799035437 133 480 0.41509841799037733 134 480 0.17986218200965845
-1 2 4 133 480 0.17645112921407305 134 480 0.2775316707859042 133 481 0.21222247078593112 134 481 0.33379472921409165
-1 3 4 133 481 0.040061391142915584 134 481 0.46286480885707476 133 482 0.039595208857077166 134 482 0.4574785911429325
-1 4 4 134 482 0.425292567796168 135 482 0.1265770322038354 134 483 0.3453470322038418 135 483 0.10278336779615485
-1 5 4 134 483 0.2773488591737935 135 483 0.32346414082619457 134 484 0.18427374082620485 135 484 0.2149132591738071
-1 6 4 134 484 0.09915646527582733 135 484 0.5505999347241454 134 485 0.05344913472415958 135 485 0.2967944652758677
-1 7 4 135 485 0.5894151861022707 136 485 0.10928461389771504 135 486 0.2541734138977332 136 486 0.04712678610228105
-1 8 4 135 486 0.39966882165311374 136 486 0.3479743783468851 135 487 0.13490277834687872 136 487 0.11745402165312244
-1 9 4 135 487 0.1796737719283412 136 487 0.6169128280716423 135 488 0.04588082807163987 136 488 0.15753257192837664
-1 10 4 136 488 0.7749600369279952 137 488 0.07056996307200135 136 489 0.14157756307200287 137 489 0.012892436928000586
