fracture_grid_00006
2D
807
51 158 2 1 33 0.5100411378664828 1 34 0.48995886213351725
34 138 2 2 7 0.12448846424952083 1 7 0.8755115357504791
36 139 2 2 9 0.9151881300209498 2 10 0.08481186997905024
42 146 2 2 18 0.6126705556764356 2 19 0.38732944432356436
44 149 2 2 22 0.5579694348583583 1 22 0.44203056514164174
48 153 2 2 27 0.31015298133191455 2 28 0.6898470186680854
54 160 2 2 36 0.007635406987389691 2 37 0.9923645930126103
40 142 2 4 14 0.09243181499351664 3 14 0.9075681850064834
50 153 2 4 29 0.5259127856023253 3 29 0.4740872143976746
56 157 2 6 36 0.49385613634627845 5 36 0.5061438636537215
39 135 2 7 8 0.9246003077149882 6 8 0.07539969228501173
61 159 2 8 40 0.17546691426592165 8 41 0.8245330857340784
35 128 2 8 0 0.5409373121499107 9 0 0.4590626878500893
40 133 2 9 7 0.8831314807649098 9 8 0.11686851923509027
45 139 2 9 15 0.8925436584589268 8 15 0.10745634154107325
46 140 2 9 16 0.5806139064203957 9 17 0.4193860935796044
52 147 2 9 25 0.27809633207586737 9 26 0.7219036679241326
58 154 2 9 35 0.9755787577313533 9 36 0.02442124226864675
37 128 2 10 1 0.6832433242303342 10 2 0.3167566757696658
55 150 2 10 30 0.3260246290677501 9 30 0.6739753709322499
41 132 2 11 7 0.42700603859405645 10 7 0.5729939614059436
51 143 2 11 22 0.8604870092028939 10 22 0.1395129907971061
61 154 2 12 37 0.29396797981171724 11 37 0.7060320201882828
57 147 2 13 29 0.8284303599468323 12 29 0.17156964005316763
44 127 2 16 5 0.8510748315088696 16 6 0.1489251684911303
50 134 2 16 14 0.5485572571643555 16 15 0.4514427428356444
56 141 2 16 23 0.24603968281982735 16 24 0.7539603171801726
62 148 2 16 33 0.9435221084753133 16 34 0.056477891524686775
46 129 2 17 8 0.22711788205946656 16 8 0.7728821179405334
47 129 2 17 8 0.3486691006297731 17 9 0.6513308993702269
53 136 2 17 17 0.046151526285258954 17 18 0.953848473714741
42 122 2 17 0 0.2384197378053896 18 0 0.7615802621946104
52 133 2 19 15 0.1950612328034337 18 15 0.8049387671965663
62 144 2 19 30 0.6285422034122712 18 30 0.3714577965877289
30 134 4 0 1 0.21376179933967915 1 1 0.4721398299682327 0 2 0.09788901209718674 1 2 0.2162093585949013
30 135 4 0 2 0.8910361922712479 1 2 0.02896339950788813 0 3 0.07748183777278998 1 3 0.002518570448073939
31 135 4 0 2 0.0533148269531286 1 2 0.2098175462188283 0 3 0.14930116556211914 1 3 0.5875664612659239
31 136 4 0 3 0.42736112554609407 1 3 0.06986921009708698 0 4 0.43212208557635434 1 4 0.0706475787804646
32 136 4 0 4 0.0786421667370531 1 4 0.7617209502989413 0 5 0.014939006856605099 1 5 0.14469787610740042
32 137 4 0 4 0.05587919739773253 1 4 0.018581882109486084 0 5 0.6945691948031264 1 5 0.23096972568965504
33 138 4 0 6 0.41800398110544457 1 6 0.2336878422658189 0 7 0.2234095921738249 1 7 0.12489858445491178
34 139 4 0 7 0.12187351118908911 1 7 0.10704905604621923 0 8 0.41050524316856213 1 8 0.3605721895961296
35 140 4 0 9 0.3412801152855774 1 9 0.4648731958137757 0 10 0.08206382015044152 1 10 0.11178286875020542
36 141 4 0 10 0.12050110360126279 1 10 0.262882951362128 0 11 0.19380801291316652 1 11 0.42280793212344253
36 142 4 0 11 0.5996839226956419 1 11 0.017798094738972845 0 12 0.37149241242595943 1 12 0.011025570139425801
37 142 4 0 12 0.19718952808656143 1 12 0.7634252707408742 0 13 0.008084769506249718 1 13 0.031300431666314674
37 143 4 0 12 0.16786995524951134 1 12 0.02684280604914126 0 13 0.6942715609505006 1 13 0.1110156777508469
38 143 4 0 13 0.05176197463426835 1 13 0.486083568057212 0 14 0.04447750403695329 1 14 0.4176769532715664
38 144 4 0 14 0.581355823658613 1 14 0.19058768150409136 0 15 0.17175087361980917 1 15 0.05630562121748632
39 145 4 0 15 0.22489331444449506 1 15 0.12428093458225443 0 16 0.41917856391233776 1 16 0.23164718706091272
40 146 4 0 17 0.4956610032423915 1 17 0.43074398964840277 0 18 0.03937605619282319 1 18 0.034218950916382614
41 147 4 0 18 0.2145499522602815 1 18 0.28908578449455025 0 19 0.21145228825332946 1 19 0.28491197499183873
42 148 4 0 19 0.02563203985498654 1 19 0.055234440763890204 0 20 0.2913353817370349 1 20 0.6277981376440882
42 149 4 0 20 0.3067232851121807 1 20 0.008241157977912958 0 21 0.6671113550870127 1 21 0.017924201822893584
43 149 4 0 21 0.13683986869690248 1 21 0.5212573557860191 0 22 0.07109273397350077 1 22 0.2708100415435778
43 150 4 0 22 0.7715702382226834 1 22 0.12062494873146205 0 23 0.09322958305492036 1 23 0.014575229990934007
44 150 4 0 22 0.02327341452362597 1 22 0.21205455382334049 0 23 0.07562436922518777 1 23 0.6890476624278458
44 151 4 0 23 0.3547756897107786 1 23 0.11465024110740475 0 24 0.4009893126452358 1 24 0.1295847565365808
45 152 4 0 24 0.030174279775676376 1 24 0.016482394906551796 0 25 0.6165559036587199 1 25 0.33678742165905196
46 153 4 0 26 0.3354613729301883 1 26 0.2884260456160774 0 27 0.20223399158261832 1 27 0.17387858987111593
47 154 4 0 27 0.08621142122709821 1 27 0.11490674118321251 0 28 0.3424491243640762 1 28 0.45643271322561313
48 155 4 0 29 0.2487803347704175 1 29 0.529568571503938 0 30 0.0708453918991674 1 30 0.15080570182647712
48 156 4 0 29 0.012154279520844231 1 29 0.0002925892247353639 0 30 0.9643386657559128 1 30 0.023214465498507753
49 156 4 0 30 0.07488184129934865 1 30 0.28069780883904466 0 31 0.13570906644861805 1 31 0.5087112834129888
49 157 4 0 31 0.5115206369879267 1 31 0.07815697562169044 0 32 0.3559374893672407 1 32 0.05438489802314219
50 157 4 0 32 0.0947325752314802 1 32 0.838077818770965 0 33 0.006823513594896962 1 33 0.06036609240265787
50 158 4 0 32 0.12658718775506292 1 32 0.04032116871860641 0 33 0.6318361196785149 1 33 0.20125552384781573
51 159 4 0 34 0.483235365610953 1 34 0.26090373472675393 0 35 0.1661531229010067 1 35 0.08970777676128643
52 160 4 0 35 0.1736533746101002 1 35 0.14771646959164805 0 36 0.3667002949802699 1 36 0.3119298608179818
53 161 4 0 37 0.38758337285481553 1 37 0.5110172152109774 0 38 0.04373547781395097 1 38 0.05766393412025603
54 162 4 0 38 0.15335284008597627 1 38 0.32247849184385813 0 39 0.16893119166120074 1 39 0.35523747640896486
54 163 4 0 39 0.6951281562759735 1 39 0.01480113812508126 0 40 0.2840230940783755 1 40 0.006047611520569748
55 163 4 0 39 0.011315445893935626 1 39 0.04174662989994709 0 40 0.20193376693162315 1 40 0.7450041572744942
55 164 4 0 40 0.2498626677453294 1 40 0.03729737051977742 0 41 0.62025376368743 1 41 0.09258619804746311
30 133 4 1 0 0.2958336282249501 2 0 0.155970038611738 1 1 0.3589499646047293 2 1 0.18924636855858265
31 134 4 1 1 0.01584549404107274 2 1 0.01318891665966719 1 2 0.5299032798670171 2 2 0.44106230943224295
32 135 4 1 3 0.2647644534204742 2 3 0.3415007011442961 1 4 0.171949501566012 2 4 0.22178534386921767
33 136 4 1 4 0.060127777468608576 2 4 0.12336812096021388 1 5 0.26755135859628815 2 5 0.5489527429748894
33 137 4 1 5 0.41114051348257585 2 5 0.006453347417470803 1 6 0.5734058411894929 2 6 0.009000297910460506
34 137 4 1 6 0.16632855723684487 2 6 0.5943980850560223 1 7 0.052315759906462325 2 7 0.18695759780067045
35 138 4 1 7 0.03704333951697193 2 7 0.3009140466399331 1 8 0.07256615870471704 2 8 0.589476455138378
35 139 4 1 8 0.43846710546086143 2 8 0.1335882431672676 1 9 0.32800961136797097 2 9 0.09993504000390008
36 140 4 1 9 0.09814693197921098 2 9 0.051139160512962904 1 10 0.5592949659280317 2 10 0.2914189415797943
37 141 4 1 11 0.39842697606000776 2 11 0.3280898602962037 1 12 0.14998010292564548 2 12 0.12350306071814306
38 142 4 1 12 0.13345826081036344 2 12 0.17028931940990016 1 13 0.3059139992536862 2 13 0.3903384205260502
39 143 4 1 14 0.29102012527998333 2 14 0.589958198804325 1 15 0.039317315862476755 2 15 0.0797043600532149
39 144 4 1 14 0.11360384631429854 2 14 0.0014724402412267814 1 15 0.8736008134353337 2 15 0.011322900009141101
40 144 4 1 15 0.10140286826235008 2 15 0.3568061996859961 1 16 0.11989975395852052 2 16 0.4218911780931333
40 145 4 1 16 0.6079631547076887 2 16 0.08434387571188137 1 17 0.27020668612035387 2 17 0.03748628346007602
41 145 4 1 16 0.003978749821517039 2 16 0.031461061990873854 1 17 0.10828905347776405 2 17 0.8562711347098451
41 146 4 1 17 0.2073109419282316 2 17 0.06222683235537625 1 18 0.5618240799781928 2 18 0.16863814573819935
42 147 4 1 19 0.5589520707104333 2 19 0.2878164474372193 1 20 0.10114813227440154 2 20 0.05208334957794583
43 148 4 1 20 0.23365131616301266 2 20 0.19034794584869208 1 21 0.31741406790023263 2 21 0.2585866700880626
45 150 4 1 23 0.1926249690186113 2 23 0.3858357807211758 1 24 0.14037077720144095 2 24 0.28116847305877196
45 151 4 1 24 0.8043217759653758 2 24 0.008236936245628337 1 25 0.18554118886184853 2 25 0.0019000989271474385
46 151 4 1 24 0.03486881127999529 2 24 0.12082268232382957 1 25 0.18909211601846743 2 25 0.6552163903777077
46 152 4 1 25 0.34333752388813377 2 25 0.046451932186908074 1 26 0.5374906220174722 2 26 0.07271992190748588
47 152 4 1 26 0.08423190049503176 2 26 0.648690336972838 1 27 0.03069420788181276 2 27 0.23638355465031763
47 153 4 1 27 0.7463397373717088 2 27 0.22068046256737783 1 28 0.0254535896122791 2 28 0.0075262104486343295
48 154 4 1 28 0.3607069435265202 2 28 0.1835440002766182 1 29 0.30205156453587806 2 29 0.15369749166098345
49 155 4 1 29 0.06726728825811638 2 29 0.05421439940905274 1 30 0.48645640088269243 2 30 0.39206191145013847
50 156 4 1 31 0.3107096417857324 2 31 0.38800278974548863 1 32 0.13397922843347274 2 32 0.16730834003530623
51 157 4 1 32 0.09262144474934715 2 32 0.18332173064591167 1 33 0.2430326065482685 2 33 0.4810242180564727
52 158 4 1 34 0.1933456186657907 2 34 0.65982830059352 1 35 0.03327361371023543 2 35 0.11355246703045382
52 159 4 1 34 0.07710352506072683 2 34 0.010168356669800878 1 35 0.8063829259224427 2 35 0.10634519234702967
53 159 4 1 35 0.05060887986140098 2 35 0.3797957832619475 1 36 0.06697553359300697 2 36 0.5026198032836445
53 160 4 1 36 0.5146251429009189 2 36 0.14987748269365 1 37 0.2598264891606611 2 37 0.07567088524477006
54 161 4 1 37 0.16085344833474272 2 37 0.08087992112387113 1 38 0.5045633648052478 2 38 0.2537032657361385
55 162 4 1 39 0.4556568865637673 2 39 0.36330722675889493 1 40 0.10072510765463366 2 40 0.08031077902270417
56 163 4 1 40 0.17723665022958984 2 40 0.21895820695711374 1 41 0.27011052506720745 2 41 0.33369461774608905
31 132 4 2 0 0.13012256926551877 3 0 0.43071591649277285 2 1 0.10189176742819839 3 1 0.33726974681350996
31 133 4 2 1 0.7066043464676396 3 1 0.08833210176187624 2 2 0.1822772088332783 3 2 0.02278634293720592
32 133 4 2 1 0.016979687278123236 3 1 0.12108954234420621 2 2 0.1059998304940044 3 2 0.7559309398836661
32 134 4 2 2 0.2902333701416163 3 2 0.08193382195193727 2 3 0.48961336623771196 3 3 0.13821944166873443
33 134 4 2 3 0.00997464271806549 3 3 0.7053253307683159 2 4 0.00397005613247263 3 4 0.28072997038114605
33 135 4 2 4 0.6368674498501088 3 4 0.3125304861074895 2 5 0.03394446760760131 3 5 0.01665759643480036
34 136 4 2 5 0.2958479317561103 3 5 0.23078074806553278 2 6 0.2659291667800103 3 6 0.2074421533983466
35 137 4 2 6 0.04702155223890538 3 6 0.05683787144678266 2 7 0.40572072737558296 3 7 0.49041984893872903
36 138 4 2 8 0.23409577199141715 3 8 0.4469943955583085 2 9 0.10961168870148161 3 9 0.2092981437487928
37 139 4 2 9 0.060620850706234485 3 9 0.1977000607075361 2 10 0.1740517910650461 3 10 0.5676272975211833
37 140 4 2 10 0.43901105407115715 3 10 0.053407819813837555 2 11 0.45252880630732406 3 11 0.05505231980768118
38 140 4 2 11 0.10497689084756119 3 11 0.7305747644302613 2 12 0.020660932002129866 3 12 0.14378741272004764
38 141 4 2 11 0.05450117702416879 3 11 0.015148440724870676 2 12 0.7280038644327229 3 12 0.2023465178182376
39 141 4 2 12 0.006853427794403486 3 12 0.40592897134745676 2 13 0.00974957613369806 3 13 0.5774680247244417
39 142 4 2 13 0.4356546610892621 3 13 0.21122570052382217 2 14 0.23781556144601151 3 14 0.11530407694090429
40 143 4 2 14 0.1264962422742883 3 14 0.09761486320283373 2 15 0.4379391613393958 3 15 0.3379497331834822
41 144 4 2 16 0.3649315467282004 3 16 0.4364103026129665 2 17 0.09046903796388005 3 17 0.1081891126949532
42 145 4 2 17 0.1311245861452437 3 17 0.24744800705996803 2 18 0.2152411796252472 3 18 0.4061862271695411
43 146 4 2 19 0.22684171098796055 3 19 0.7289616260813031 2 20 0.010489235860912135 3 20 0.033707427069824235
43 147 4 2 19 0.16980939366682202 3 19 0.02009190587365858 2 20 0.7243887717892513 3 20 0.08570992867026805
44 147 4 2 20 0.06838620863702062 3 20 0.4646478722962806 2 21 0.059909919290262556 3 21 0.40705599977643625
44 148 4 2 21 0.602323962433334 3 21 0.1648080809711913 2 22 0.1828393841011498 3 22 0.050028572494324845
45 148 4 2 21 0.0021238448628803563 3 21 0.10814097993446581 2 22 0.017137464142813297 3 22 0.8725977110598405
45 149 4 2 22 0.23283350432055608 3 22 0.11152928294800706 2 23 0.44329502329230963 3 23 0.21234218943912728
46 150 4 2 24 0.5226298934758756 3 24 0.3989636376567251 2 25 0.04446381521540054 3 25 0.03394265365199874
47 151 4 2 25 0.22849089359511102 3 25 0.2703333814015347 2 26 0.22956799617453283 3 26 0.27160772882882156
48 152 4 2 26 0.026545032291186224 3 26 0.049509986569511374 2 27 0.32247903855686805 3 27 0.6014659425824342
49 153 4 2 28 0.15678156149049868 3 28 0.4965042012342292 2 29 0.0832076904359374 3 29 0.2635065468393346
49 154 4 2 29 0.7958558357882323 3 29 0.09152788940771985 2 30 0.1010006347454045 3 30 0.011615640058643366
50 154 4 2 29 0.03018715841859169 3 29 0.20032934817018844 2 30 0.10076727458625491 3 30 0.6687162188249649
50 155 4 2 30 0.36603333837770136 3 30 0.09858113068229574 2 31 0.4217883132343459 3 31 0.11359721770565696
51 155 4 2 31 0.017705508006737924 3 31 0.790041742446087 2 32 0.004214106076519155 3 32 0.18803864347065596
51 156 4 2 31 0.02840397954396698 3 31 0.013441233380074873 2 32 0.6503828531464622 3 32 0.30777193392949603
52 157 4 2 33 0.3527197730558834 3 33 0.26635618373220316 2 34 0.21703224071295613 3 34 0.1638918024989573
53 158 4 2 34 0.09044187245416281 3 34 0.10586482819796157 2 35 0.37027532239307315 3 35 0.43341797695480244
54 159 4 2 36 0.27203948635487707 3 36 0.5014979581612921 2 37 0.07964288957074067 3 37 0.14681966591309017
55 160 4 2 37 0.08511304398518857 3 37 0.26565514439502913 2 38 0.15753451301883964 3 38 0.49169729860094274
55 161 4 2 38 0.5260957444457377 3 38 0.05877040640570396 2 39 0.37341903116549124 3 39 0.04171481798306714
56 161 4 2 39 0.12399247827473542 3 39 0.8040064539695271 2 40 0.009620259807703287 3 40 0.062380807948034286
56 162 4 2 39 0.12813434631422005 3 39 0.03396254840126296 2 40 0.6623456103754194 3 40 0.17555749490909764
57 162 4 2 40 0.012417494137051902 3 40 0.4928121819712517 2 41 0.012160425023797283 3 41 0.4826098988678991
32 132 4 3 1 0.42135212571086 4 1 0.48261914144024537 3 2 0.0447601734540956 4 2 0.051268559394799094
33 133 4 3 2 0.17182640158133294 4 2 0.3093756094338246 3 3 0.18525107866203316 4 3 0.33354691032280936
34 134 4 3 3 0.014493816028600337 4 3 0.04393893885060185 3 4 0.23354884529317627 4 4 0.7080183998276216
34 135 4 3 4 0.2647139363130886 4 4 0.027816781037330544 3 5 0.6401959436158313 4 5 0.06727333903374953
35 135 4 3 5 0.08836221145281532 4 5 0.5473012872904244 3 6 0.0506456309473144 4 6 0.31369087030944587
35 136 4 3 6 0.6922214560058614 4 6 0.17754000520860255 3 7 0.10365360500144037 4 7 0.02658493378409572
36 136 4 3 6 0.00638108413211418 4 6 0.20651315847517054 3 7 0.023591939346426026 4 7 0.7635138180462891
36 137 4 3 7 0.3070122343465494 4 7 0.13997997073195953 3 8 0.37982800773916287 4 8 0.17317978718232827
37 138 4 3 8 0.013996151264030988 4 8 0.010226797678515458 3 9 0.5638092719000918 4 9 0.4119677791573619
38 139 4 3 10 0.28194381100084354 4 10 0.3195098818057548 3 11 0.18682679324167548 4 11 0.21171951395172614
39 140 4 3 11 0.06427918615034177 4 11 0.11440525052030155 3 12 0.2954565991705878 4 12 0.525858964158769
40 141 4 3 13 0.1895086662759761 4 13 0.5664065142587048 3 14 0.06119230012336394 4 14 0.18289251934195516
41 142 4 3 14 0.047195499657471864 4 14 0.285950424741254 3 15 0.09447064782024997 4 15 0.5723834277810241
41 143 4 3 15 0.4529631703733397 4 15 0.11428071649661006 3 16 0.3455701957115542 4 16 0.0871859174184961
42 143 4 3 16 0.029706800171919307 4 16 0.8806698680908441 3 17 0.002924528384213007 4 17 0.08669880335302356
42 144 4 3 16 0.09961504799303933 4 16 0.04485958274094827 3 17 0.5898834991702651 4 17 0.2656418700957474
43 145 4 3 18 0.4189237924312614 4 18 0.30278158216677814 3 19 0.1615399358104534 4 19 0.11675468959150707
44 146 4 3 19 0.14092712828296464 4 19 0.15800899017911266 3 20 0.3305017810371465 4 20 0.37056210050077615
45 147 4 3 21 0.3175176931100018 4 21 0.5586491692161203 3 22 0.04487639728851991 4 22 0.07895674038535805
46 148 4 3 22 0.1148724871937257 4 22 0.33852511899644133 3 23 0.13848678428320646 4 23 0.4081156095266265
46 149 4 3 23 0.6257766784110133 4 23 0.06171889025037756 3 24 0.2844498116730621 4 24 0.028054619665546985
47 149 4 3 23 0.004420419854243682 4 23 0.026207930199953725 3 24 0.13990403270104157 4 24 0.829467617244761
47 150 4 3 24 0.21209651673291743 4 24 0.05262979579250412 3 25 0.5890951544295399 4 25 0.1461785330450386
48 150 4 3 25 0.02145112472528527 4 25 0.586407969192964 3 26 0.013838508908410471 4 26 0.3783023971733402
48 151 4 3 26 0.5827663458725247 4 26 0.2591907105169487 3 27 0.10939050636834301 4 27 0.04865243724218352
49 152 4 3 27 0.2444376424264629 4 27 0.17475015782704834 3 28 0.33868439089281527 4 28 0.2421278088536735
51 154 4 3 30 0.20941204674083394 4 30 0.3642372412407668 3 31 0.15564034873525115 4 31 0.27071036328314807
52 155 4 3 31 0.038627940103585494 4 31 0.11225209174205303 3 32 0.2173896364509101 4 32 0.6317303317034514
52 156 4 3 32 0.3514405574836878 4 32 0.033537436833174915 3 33 0.561444237677951 4 33 0.0535777680051862
53 156 4 3 33 0.1070197296760227 4 33 0.6210910460336606 3 34 0.03996302795685465 4 34 0.23192619633346204
53 157 4 3 34 0.7734714713246845 4 34 0.1887372668562157 3 35 0.030378504915364816 4 35 0.00741275690373493
54 157 4 3 34 0.011587081270795338 4 34 0.2937544383029329 3 35 0.026360857440492512 4 35 0.6682976229857792
54 158 4 3 35 0.37481072858084946 4 35 0.16462875346409916 3 36 0.32000442873761037 4 36 0.14055608921744103
55 159 4 3 36 0.0683431244138083 4 36 0.04832710149518883 3 37 0.5174372139830333 4 37 0.36589256010796956
56 160 4 3 38 0.33081417829883847 4 38 0.36308679147419975 3 39 0.14593134117642823 4 39 0.16016768905053347
57 161 4 3 39 0.09969803236381088 4 39 0.1714336812732724 3 40 0.2680126681898663 4 40 0.4608556181730505
32 131 4 4 0 0.5420916764091886 5 0 0.12778162827069256 4 1 0.2671534041486091 5 1 0.06297329117150972
33 131 4 4 0 0.0005637233482884092 5 0 0.012442362724420756 4 1 0.04277931968071914 5 1 0.9442145942465716
33 132 4 4 1 0.17302479048230676 5 1 0.07407925806162655 4 2 0.5271854711538728 5 2 0.2257104803021939
34 133 4 4 3 0.48732648584682614 5 3 0.33700830656115194 4 4 0.10384895686776395 5 4 0.07181625072425801
35 134 4 4 4 0.19361105815194676 5 4 0.20795447812007625 4 5 0.288529565641011 5 5 0.30990489808696603
36 135 4 4 6 0.365194573905238 5 6 0.6136017062308226 4 7 0.007911230966101523 5 7 0.013292488897837884
37 136 4 4 7 0.1468306044424131 5 7 0.4091964195576922 4 8 0.11724038150733687 5 8 0.3267325944925578
37 137 4 4 8 0.7276562864164912 5 8 0.06246870005483835 4 9 0.19328191814045959 5 9 0.016593095388210955
38 137 4 4 8 0.020659773556387352 5 8 0.11259799430777011 4 9 0.13437639347177313 5 9 0.7323658386640695
38 138 4 4 9 0.29825736119184126 5 9 0.06909836914353319 4 10 0.5136460244435198 5 10 0.11899824522110565
39 138 4 4 10 0.032683429353728234 5 10 0.6778050823744668 4 11 0.01331791875284274 5 11 0.27619356951896223
39 139 4 4 11 0.6639201412577338 5 11 0.28066633294168547 4 12 0.03894842545600925 5 12 0.016465100344571562
40 140 4 4 12 0.3098726742651022 5 12 0.21194454379836172 4 13 0.2839610735270513 5 13 0.1942217084094848
41 141 4 4 13 0.04801834584926383 5 13 0.05102961607823788 4 14 0.436780583021286 5 14 0.4641714550512122
42 142 4 4 15 0.25412126595917583 5 15 0.42215743983237064 4 16 0.12164284398975576 5 16 0.20207845021869775
43 143 4 4 16 0.06761839577536757 5 16 0.18589105388022384 4 17 0.19911089525197453 5 17 0.547379655092434
43 144 4 4 17 0.4503525039122589 5 17 0.037254908214556674 4 18 0.47324400572228387 5 18 0.039148582150900536
44 144 4 4 18 0.13100313627410978 5 18 0.6997370572455264 4 19 0.026691335831642817 5 19 0.142568470648721
44 145 4 4 18 0.05281467796662538 5 18 0.012023478024234936 4 19 0.761747012746328 5 19 0.1734148312628118
45 145 4 4 19 0.019851724322307834 5 19 0.38811921306137326 4 20 0.028807928861855247 5 20 0.5632211337544637
45 146 4 4 20 0.4529968623891352 5 20 0.1890720374657699 4 21 0.25253000940219994 5 21 0.10540109074289501
46 147 4 4 21 0.13081049467551603 5 21 0.08848914904342683 4 22 0.4656815581942295 5 22 0.31501879808682764
47 148 4 4 23 0.38827449948682174 5 23 0.4082558880961659 4 24 0.09918273446129154 5 24 0.10428687795572085
48 149 4 4 24 0.1414395900052186 5 24 0.2323215414418068 4 25 0.23698282502127643 5 25 0.38925604353169824
49 150 4 4 26 0.2561854152053433 5 26 0.6948064601057197 4 27 0.013202180899562217 5 27 0.03580594378937481
49 151 4 4 26 0.17144035340012614 5 26 0.013649484382160966 4 27 0.75481446131198 5 27 0.06009570090573281
50 151 4 4 27 0.0847019639557748 5 27 0.44352065521934014 4 28 0.07565081322754123 5 28 0.39612656759734394
50 152 4 4 28 0.6229836225240454 5 28 0.13933695912229357 4 29 0.19423637326647128 5 29 0.04344304508718969
51 152 4 4 28 0.00541165128300193 5 28 0.10004171175615076 4 29 0.045906306978724574 5 29 0.8486403299821228
51 153 4 4 29 0.2404652155126351 5 29 0.09908610999774167 4 30 0.46771996135626337 5 30 0.1927287131333598
52 154 4 4 31 0.5492903050253594 5 31 0.3674917643490622 4 32 0.049860052921949644 5 32 0.03335787770362879
53 155 4 4 32 0.24212335624597614 5 32 0.2518894569924904 4 33 0.24799218277972926 5 33 0.25799500398180425
54 156 4 4 33 0.027149546043398923 5 33 0.044094011059105195 4 34 0.35393117406068825 5 34 0.5748252688368077
55 157 4 4 35 0.17641477560013596 5 35 0.4720595253664165 4 36 0.09563112558236168 5 36 0.2558945734510859
55 158 4 4 36 0.8198329546698406 5 36 0.06273930876793603 4 37 0.1090801651198578 5 37 0.008347571442365639
56 158 4 4 36 0.03679242362958247 5 36 0.18891262120101493 4 37 0.12621865863132567 5 37 0.648076296538077
56 159 4 4 37 0.37698250836064795 5 37 0.08282049894117001 4 38 0.44289579250743216 5 38 0.09730120019074985
57 159 4 4 38 0.043339473575122266 5 38 0.7595963151195163 4 39 0.010636789764167666 5 39 0.18642742154119377
57 160 4 4 38 0.0263252006282792 5 38 0.010708550537579915 4 39 0.6845182813182114 5 39 0.2784479675159295
58 161 4 4 40 0.36966969449759485 5 40 0.24459480053230906 4 41 0.23213896852727758 5 41 0.15359653644281854
33 130 4 5 0 0.30102915921774887 6 0 0.47787896438373606 5 1 0.08544666520408663 6 1 0.13564521119442832
34 131 4 5 1 0.0988075254873575 6 1 0.2573313419781797 5 2 0.1786334800128885 6 2 0.4652276525215742
34 132 4 5 2 0.5514631243809904 6 2 0.03877370555577065 5 3 0.3828450997263989 6 3 0.026918070336839996
35 132 4 5 3 0.15718521691236295 6 3 0.7761843944172118 5 4 0.011220969666236218 6 4 0.05540941900418905
35 133 4 5 3 0.13820653488878473 6 3 0.02926103891201415 5 4 0.6870668702969864 6 4 0.1454655559022147
36 133 4 5 4 0.03031504141400009 6 4 0.48028531377961936 5 5 0.029056326243009547 6 5 0.46034331856337096
36 134 4 5 5 0.533381670237582 6 5 0.21131664742726158 5 6 0.1828569160265996 6 6 0.07244476630855679
37 135 4 5 6 0.1954765389773927 6 6 0.1264525225514887 5 7 0.4117272283651707 6 7 0.2663437101059478
38 136 4 5 8 0.4479334947150182 6 8 0.4512263106779151 5 9 0.05023545370597023 6 9 0.050604740901096436
39 137 4 5 9 0.1853798216868548 6 9 0.29101072757012353 5 10 0.20375430781254417 6 10 0.3198551429304775
40 138 4 5 10 0.015019287235487183 6 10 0.03860200588552869 5 11 0.2650800233423223 6 11 0.6812986835366619
40 139 4 5 11 0.26958331229193944 6 11 0.01813594330030057 5 12 0.6673832168930134 6 12 0.04489752751474665
41 139 4 5 12 0.10791638301712214 6 12 0.5229356539679384 5 13 0.0631481086390691 6 13 0.30599985437587035
41 140 4 5 13 0.716119532342137 6 13 0.1488304671141478 5 14 0.11181217792122629 6 14 0.023237822622488944
42 140 4 5 13 0.012907306797775873 6 13 0.19517547405132973 5 14 0.04912236593682587 6 14 0.7427948532140686
42 141 4 5 14 0.3178823617841746 6 14 0.12429838153614788 5 15 0.4010145295575991 6 15 0.15680472712207838
43 142 4 5 15 0.011838329803019902 6 15 0.007573157381354564 5 16 0.5980237426171356 6 16 0.3825647701984899
44 143 4 5 17 0.29881468989723664 6 17 0.29782754115118254 5 18 0.2020125636013294 6 18 0.2013452053502514
45 144 4 5 18 0.06812211614809563 6 18 0.10575085876436138 5 19 0.3236703184288955 6 19 0.5024567066586475
46 145 4 5 20 0.2123802966311489 6 20 0.5387234221453528 5 21 0.07037731902425266 6 21 0.1785189621992456
46 146 4 5 21 0.9257199664575682 6 21 0.05948171479015044 5 22 0.013904867804976608 6 22 0.0008934509473046724
47 146 4 5 21 0.05703918111399027 6 21 0.27129528152655646 5 22 0.11668361561976442 6 22 0.554981921739689
47 147 4 5 22 0.46715075660181415 6 22 0.09528166850994924 5 23 0.3634392587391125 6 23 0.07412831614912406
48 147 4 5 23 0.05857918198583778 6 23 0.8469860245187537 5 24 0.006108795826327386 6 24 0.08832599766908115
48 148 4 5 23 0.10077468532288654 6 23 0.0388884836529219 5 24 0.6207805110964506 6 24 0.2395563199277409
49 149 4 5 25 0.439112130118475 6 25 0.2777817827213639 5 26 0.17340824737924407 6 26 0.10969783978091711
50 150 4 5 26 0.1480875170715709 6 26 0.1460371396323201 5 27 0.3553980415045586 6 27 0.3504773017915504
51 151 4 5 28 0.34370678225601287 6 28 0.5276486183119229 5 29 0.05074395739854164 6 29 0.07790064203352266
52 152 4 5 29 0.1280336274411046 6 29 0.3205525169908761 5 30 0.1573822932918604 6 30 0.3940315622761589
52 153 4 5 30 0.6432817234303431 6 30 0.03940238347285445 5 31 0.29900141590976537 6 31 0.018314477187037242
53 153 4 5 30 0.004553611202992163 6 30 0.02126327709302609 5 31 0.17182749060835462 6 31 0.8023556210956271
53 154 4 5 31 0.21657361285363472 6 31 0.043341237913607715 5 32 0.6166747075648841 6 32 0.1234104416678735
54 154 4 5 32 0.04061301643144989 6 32 0.5624346157286132 5 33 0.026733266458307384 6 33 0.3702191013816296
54 155 4 5 33 0.6062721423506483 6 33 0.23087345228063177 5 34 0.11794135914628107 6 34 0.04491304622243898
55 156 4 5 34 0.25491549000593955 6 34 0.15946084848939254 5 35 0.3602631925693715 6 35 0.2253604689352964
57 158 4 5 37 0.2258906457790923 6 37 0.34294718044432565 5 38 0.17121839895305427 6 38 0.25994377482352776
58 159 4 5 38 0.042078590243195775 6 38 0.10398997984426361 5 39 0.24599563556733267 6 39 0.607935794345208
58 160 4 5 39 0.35923511239525685 6 39 0.020931420163423087 5 40 0.5857063320224148 6 40 0.03412713541890518
59 160 4 5 40 0.1294990801730323 6 40 0.5938002337784682 5 41 0.049540326715877894 6 41 0.22716035933262158
34 130 4 6 0 0.07573538656817692 7 0 0.046305518426136096 6 1 0.5448384003248825 7 1 0.33312069468080446
35 131 4 6 2 0.3577046975886887 7 2 0.34156695126966186 6 3 0.15383427038275255 7 3 0.14689408075889687
36 132 4 6 3 0.11129336029296392 7 3 0.16520903242943166 6 4 0.2912107887568451 7 4 0.43228681852075945
37 133 4 6 5 0.25054449170228626 7 5 0.603188644884154 6 6 0.04292483842593312 7 6 0.10334202498762655
37 134 4 6 5 0.08346910355009964 7 5 0.004361995507564807 6 6 0.8668674451853203 7 6 0.04530145575701507
38 134 4 6 6 0.07948461263859906 7 6 0.35147926781189337 6 7 0.10494989856803083 7 7 0.46408622098147667
38 135 4 6 7 0.5595176788831889 7 7 0.10554416403852024 6 8 0.281784050930613 7 8 0.053154106147677856
39 136 4 6 8 0.1774228440576875 7 8 0.06486974272806667 6 9 0.5548440668345249 7 9 0.20286334637972092
40 137 4 6 10 0.5107532397796066 7 10 0.3087700908701922 6 11 0.11247885219101623 7 11 0.06799781715918486
41 138 4 6 11 0.20400986318610784 7 11 0.1927442113277289 6 12 0.3101874098629256 7 12 0.29305851562323776
42 139 4 6 13 0.3946220792968134 7 13 0.5793627390810681 6 14 0.010540374830587618 7 14 0.015474806791530942
43 140 4 6 14 0.16323016093534554 7 14 0.3879854013065878 6 15 0.132897474270466 7 15 0.31588696348760065
43 141 4 6 15 0.7483997476813901 7 15 0.03691377703176027 6 16 0.20459510613162216 7 16 0.010091369155227507
44 141 4 6 15 0.024031381150671407 7 15 0.10441492495529975 6 16 0.16306143513355062 7 16 0.7084922587604782
44 142 4 6 16 0.30597287355808467 7 16 0.05657139501911063 6 17 0.5379871613333094 7 17 0.09946857008949535
45 142 4 6 17 0.05508373730540955 7 17 0.6505933126646063 6 18 0.022974260057194277 7 18 0.2713486899727898
45 143 4 6 18 0.6906643539813988 7 18 0.24911065845983404 6 19 0.04426086198840573 7 19 0.015964125570361407
46 144 4 6 19 0.32358893809012296 7 19 0.19341681821515475 6 20 0.30230145895809213 7 20 0.18069278473663028
47 145 4 6 20 0.048706660775642355 7 20 0.045529839393680216 6 21 0.4681489173509544 7 21 0.437614582479723
48 146 4 6 22 0.2738382812429559 7 22 0.3976289627904185 6 23 0.13398247796200854 7 23 0.19455027800461697
49 147 4 6 23 0.07430746216050745 7 23 0.17439052573689048 6 24 0.2244784781228675 7 24 0.5268235339797345
49 148 4 6 24 0.4613854750693513 7 24 0.021410475299270808 6 25 0.4942676838212244 7 25 0.02293636581015354
50 148 4 6 25 0.15672090301665242 7 25 0.6692078287447975 6 26 0.03303021834513304 7 26 0.1410410498934171
50 149 4 6 25 0.050819700225084585 7 25 0.009206994007582245 6 26 0.795798639743873 7 26 0.1441746660234603
51 149 4 6 26 0.03254154216620668 7 26 0.3706179334592881 6 27 0.048174760273960573 7 27 0.5486657641005446
51 150 4 6 27 0.47003058500499767 7 27 0.16722685309171392 6 28 0.26755293604237035 7 28 0.0951896258609181
52 151 4 6 28 0.13481626839275132 7 28 0.07967191356800522 6 29 0.4937324337330271 7 29 0.2917793843062164
53 152 4 6 30 0.411308973561488 7 30 0.3804099522633061 6 31 0.10820490964270092 7 31 0.10007616453250497
54 153 4 6 31 0.151446115181233 7 31 0.21750355450760606 6 32 0.25903294910132363 7 32 0.37201738120983735
55 154 4 6 33 0.28522064073877895 7 33 0.6609597728141119 6 34 0.016223604622188106 7 34 0.037595981824920896
55 155 4 6 33 0.17276283444946675 7 33 0.007515541574641227 6 34 0.785548629518701 7 34 0.03417299445719101
56 155 4 6 34 0.10070924059056337 7 34 0.4227019168263724 6 35 0.09170018584881419 7 35 0.3848886567342501
56 156 4 6 35 0.6433348039307748 7 35 0.11417431595737788 6 36 0.20594184111577474 7 36 0.03654903899607256
57 156 4 6 35 0.008390979019142254 7 35 0.09225092226183129 6 36 0.07498362849861712 7 36 0.8243744702204093
57 157 4 6 36 0.24778844802074448 7 36 0.08695141573144963 6 37 0.4924533781042155 7 37 0.17280675814359034
58 158 4 6 38 0.5756422378908592 7 38 0.33632836972537955 6 39 0.05556476931248253 7 39 0.03246462307127863
59 159 4 6 39 0.25544734021284854 7 39 0.23375401126743164 6 40 0.26672484806890373 7 40 0.24407380045081603
60 160 4 6 40 0.02744558111163657 7 40 0.03898651423269198 6 41 0.38569178824848344 7 41 0.547876116407188
34 129 4 7 0 0.8557164459725736 8 0 0.032226496550515356 7 1 0.10799012231328525 8 1 0.004066935163625872
35 129 4 7 0 0.04570782513853787 8 0 0.185367898777379 7 1 0.1520967056185307 8 1 0.6168275704655524
35 130 4 7 1 0.39757080830271047 8 1 0.06760287808443058 7 2 0.4571009410615302 8 2 0.07772537255132884
36 130 4 7 2 0.0717531322195805 8 2 0.736553335560374 7 3 0.017016579615898562 8 3 0.17467695260414698
36 131 4 7 2 0.0316183092096583 8 2 0.010786121041520292 7 3 0.7140186212329929 8 3 0.24357694851582865
37 132 4 7 4 0.3944610602144495 8 4 0.22517411390076672 7 5 0.2421410513065834 8 5 0.13822377457820043
38 133 4 7 5 0.10386001935342666 8 5 0.09300589862584165 7 6 0.4237072732460167 8 6 0.37942680877471496
39 134 4 7 7 0.3239845907470622 8 7 0.45011207109625084 7 8 0.09454788293080618 8 8 0.13135545522588077
40 135 4 7 8 0.10873500811802271 8 8 0.2425923975893281 7 9 0.2007626466382275 8 9 0.4479099476544217
40 136 4 7 9 0.5657345117836233 8 9 0.019690856394951547 7 10 0.400630361579799 8 10 0.013944270241626254
41 136 4 7 10 0.18614139990046696 8 10 0.7424167496709285 7 11 0.01432143593419371 8 11 0.0571204144944107
41 137 4 7 10 0.13944997339279602 8 10 0.02320613864982372 7 11 0.7178800810490367 8 11 0.11946380690834359
42 137 4 7 11 0.04624327550345898 8 11 0.45954561793198134 7 12 0.04518474140961218 8 12 0.44902636515494754
42 138 4 7 12 0.5536538090990044 8 12 0.18623304680765296 7 13 0.19464142642123883 8 13 0.06547171767210387
43 139 4 7 13 0.20272072894017973 8 13 0.1143968708305297 7 14 0.43653968765844525 8 14 0.24634271257084533
44 140 4 7 15 0.47420638503520424 8 15 0.4201419585995499 7 16 0.05601921264183123 8 16 0.049632443723414583
45 141 4 7 16 0.19862476310840563 8 16 0.2729543243903863 7 17 0.2225660156470549 8 17 0.3058548968541532
46 142 4 7 17 0.015236279758394276 8 17 0.03357355160444244 7 18 0.29691968007544806 8 18 0.6542704885617152
46 143 4 7 18 0.2741442095868168 8 18 0.008763584247244015 7 19 0.6948789688541974 8 19 0.022213237311741674
47 143 4 7 19 0.12716207589742776 8 19 0.4988784993294465 7 20 0.07595906501479634 8 20 0.2980003597583294
47 144 4 7 20 0.7397091299944 8 20 0.1204294077036985 7 21 0.12027922952499617 8 21 0.019582232776905375
48 144 4 7 20 0.019125050779449933 8 20 0.1841462683114765 7 21 0.07496127121118466 8 21 0.7217674096978889
48 145 4 7 21 0.3284440105378159 8 21 0.10892527102433462 7 22 0.42250953005999065 8 22 0.14012118837785878
49 146 4 7 22 0.009372029658018541 8 22 0.0052279957681696035 7 23 0.6325466920181698 8 23 0.352853282555642
50 147 4 7 24 0.31537709010963205 8 24 0.2764536791805936 7 25 0.2175068126449668 8 25 0.1906624180648075
51 148 4 7 25 0.07165656746186236 8 25 0.09740494569240832 7 26 0.3521925163711616 8 26 0.4787459704745677
52 149 4 7 27 0.2349434483022926 8 27 0.5113488087160156 7 28 0.07987081660911315 8 28 0.1738369263725786
52 150 4 7 28 0.9526270229006929 8 28 0.027763196588839512 7 29 0.01905446061788485 8 29 0.0005553198925827498
53 150 4 7 28 0.06657438388653347 8 28 0.2569486169958198 7 29 0.13920506210328273 8 29 0.5372719370143639
53 151 4 7 29 0.4810298641463227 8 29 0.07659109920725442 7 30 0.38161680045066554 8 30 0.06076223619575736
54 151 4 7 30 0.08714308511579895 8 30 0.8136106596305991 7 31 0.009601541952427763 8 31 0.08964471330117427
54 152 4 7 30 0.10162584396875068 8 30 0.033225863248871425 7 31 0.6519860017066481 8 31 0.21316229107572987
55 153 4 7 32 0.4589919891217651 8 32 0.2530904619599017 7 33 0.18558503763201534 8 33 0.10233251128631783
56 154 4 7 33 0.1549394271762116 8 33 0.13437376776950025 7 34 0.38060278065597936 8 34 0.3300840243983088
57 155 4 7 35 0.36958739271806834 8 35 0.49695654609168466 7 36 0.05691999619254766 8 36 0.07653606499769937
58 156 4 7 36 0.14088628900448877 8 36 0.30288839366930564 7 37 0.1765862809844804 8 37 0.37963903634172524
58 157 4 7 37 0.6604782897657007 8 37 0.01739435537931406 7 38 0.3138614988304405 8 38 0.008265856024544774
59 157 4 7 37 0.00437832386775749 8 37 0.01662710267007803 7 38 0.20405942719962214 8 38 0.7749351462625423
59 158 4 7 38 0.22074223029035972 8 38 0.03436115871869994 7 39 0.6445627393841918 8 39 0.1003338716067484
60 158 4 7 39 0.05946642945361616 8 39 0.5387697409482713 7 40 0.03993650269217397 8 40 0.3618273269059386
60 159 4 7 40 0.6294694601447813 8 40 0.2028646727283266 7 41 0.12680069060818075 8 41 0.04086517651871127
36 129 4 8 1 0.24800208507572372 9 1 0.3262064202330065 8 2 0.18390040815255465 9 2 0.24189108653871502
37 130 4 8 2 0.04889483817916511 9 2 0.10254441099361018 8 3 0.2739728361275237 9 3 0.5745879146997009
37 131 4 8 3 0.37772425876435334 9 3 0.00781295287964608 8 4 0.6020106341495362 9 4 0.012452154206464377
38 131 4 8 4 0.1558135852445052 9 4 0.572856407792322 8 5 0.05801927014059413 9 5 0.2133107368225787
38 132 4 8 5 0.8382821300982418 9 5 0.12448582540980231 8 6 0.03241794389402949 9 6 0.004814100597926351
39 132 4 8 5 0.03205779657994261 9 5 0.2738429403209224 8 6 0.07274023988353855 9 6 0.6213590232155963
39 133 4 8 6 0.4112982470950785 9 6 0.12870045227701038 8 7 0.35036700797560333 9 7 0.1096342926523078
40 134 4 8 7 0.07650750266871331 9 7 0.04072194056742057 8 8 0.576122933480379 9 8 0.3066476232834871
41 135 4 8 9 0.3775055140466248 9 9 0.3169546730535466 8 10 0.16609010318084924 9 10 0.1394497097189793
42 136 4 8 10 0.11806622785227504 9 10 0.1536247031119414 8 11 0.31649457045359547 9 11 0.41181449858218816
43 137 4 8 12 0.27634605961901615 9 12 0.5725756152092522 8 13 0.04917991976526482 9 13 0.10189840540646686
43 138 4 8 12 0.08155792698273424 9 12 0.001461710316751043 8 13 0.9008352710087474 9 13 0.01614509169176731
44 138 4 8 13 0.09225823165668012 9 13 0.333894187035626 8 14 0.12423292880601133 9 14 0.44961465250168253
44 139 4 8 14 0.5766352026732401 9 14 0.08361517849028996 8 15 0.2967231763966234 9 15 0.043026442439846616
45 140 4 8 15 0.1815124189490935 9 15 0.05596870607848152 8 16 0.5828111411991804 9 16 0.17970773377324453
46 141 4 8 17 0.5338715150284243 9 17 0.28084035386318823 8 18 0.12141722619826004 9 18 0.06387090491012735
47 142 4 8 18 0.2141001895362624 9 18 0.17784242321939517 8 19 0.3321537327687752 9 19 0.27590365447556725
48 143 4 8 20 0.42374110600437925 9 20 0.5454322506153231 8 21 0.013477997379054632 9 21 0.017348646001243077
49 144 4 8 21 0.1793212387442739 9 21 0.367082861739466 8 22 0.1488630457175705 9 22 0.30473285379868964
49 145 4 8 22 0.7688347302622777 9 22 0.011667332692686265 8 23 0.21621677280676735 9 23 0.003281164238268658
50 145 4 8 22 0.02709451006097122 9 22 0.09654033428682078 8 23 0.19205495547928367 9 23 0.6843102001729243
50 146 4 8 23 0.31337990724034026 9 23 0.04435289957866871 8 24 0.5626367769070866 9 24 0.07963041627390441
51 146 4 8 24 0.07717556657310776 9 24 0.6236900216387147 8 25 0.032939080045528916 9 25 0.26619533174264864
51 147 4 8 25 0.7171000880210547 9 25 0.21786346266199177 8 26 0.049881777204782596 9 26 0.015154672112170859
52 148 4 8 26 0.33699672323114666 9 26 0.17519757131594468 8 27 0.3209503230731012 9 27 0.1668553823798075
53 149 4 8 27 0.04908649701803402 9 27 0.040338541393102244 8 28 0.49982573036459566 9 28 0.41074923122426815
54 150 4 8 29 0.29324681784276146 9 29 0.3734089644324124 8 30 0.14663059061826453 9 30 0.1867136271065616
55 151 4 8 30 0.08068804986167899 9 30 0.163198476277547 8 31 0.2501545396777575 9 31 0.5059589341830165
55 152 4 8 31 0.4721099675424962 9 31 0.005874521067953947 8 32 0.5155998406041411 9 32 0.0064156707854088725
56 152 4 8 32 0.1821301910752366 9 32 0.638987078928027 8 33 0.03967757954261038 9 33 0.1392051504541261
56 153 4 8 32 0.048516243799577384 9 32 0.0066989886749103 8 33 0.8301587454254415 9 33 0.11462602210007072
57 153 4 8 33 0.044922881326146656 9 33 0.3534251325411618 8 34 0.06785007037008213 9 34 0.5338019157626093
57 154 4 8 34 0.4867558289369068 9 34 0.1456901474016256 8 35 0.28288434136652263 9 35 0.08466968229494493
58 155 4 8 35 0.138513563426007 9 35 0.07116315677656682 8 36 0.5220917879558044 9 36 0.2682314918416219
59 156 4 8 37 0.434034968952123 9 37 0.3528724951144919 8 38 0.11753556350807 9 38 0.09555697242531504
60 157 4 8 38 0.16114416167325943 9 38 0.2029940462574041 8 39 0.28139155186533 9 39 0.35447024020400647
61 158 4 8 40 0.3139473875882003 9 40 0.6274215642065007 8 41 0.019553507028799634 9 41 0.039077541176499274
36 128 4 9 0 0.26359766796960515 10 0 0.07651287486790127 9 1 0.5114376066515153 10 1 0.14845185051097826
37 129 4 9 2 0.6109497149752057 10 2 0.30639157172635273 9 3 0.05505074072429668 10 3 0.027607972574145018
38 130 4 9 3 0.27545962593651657 10 3 0.2191124046290867 9 4 0.2815060108413962 10 4 0.22392195859300051
39 131 4 9 4 0.03216267547462638 10 4 0.039640098955021644 9 5 0.41576814238171145 10 5 0.5124290831886406
40 132 4 9 6 0.2199548625242542 10 6 0.42907865576943144 9 7 0.11894113641046541 10 7 0.232025345295849
41 133 4 9 7 0.05200937029437617 10 7 0.1742548918633544 9 8 0.17785180971875394 10 8 0.5958839281235155
41 134 4 9 8 0.4082162582305128 10 8 0.05214596639844189 9 9 0.4785121403897893 10 9 0.06112563498125599
42 134 4 9 9 0.09708337773283661 10 9 0.7064116282889388 9 10 0.023742983358703985 10 10 0.1727620106195207
42 135 4 9 9 0.029235810238815003 10 9 0.008357158254177275 9 10 0.7484577694598689 10 10 0.2139492620471388
43 135 4 9 10 0.004489343734953976 10 10 0.3762364061508663 9 11 0.007302198434968419 10 11 0.6119720516792113
43 136 4 9 11 0.4111072616010339 10 11 0.20371645075601025 9 12 0.2575514991760605 10 12 0.12762478846689532
44 137 4 9 12 0.10747827184136141 10 12 0.08457618437972775 9 13 0.45214567001414346 10 13 0.35579987376476735
45 138 4 9 14 0.34663154359241005 10 14 0.42265365649271663 9 15 0.10395757934151988 10 15 0.1267572205733534
46 139 4 9 15 0.11835401206472856 10 15 0.22816193188444314 9 16 0.2232002919475832 10 16 0.4302837641032452
47 140 4 9 17 0.2147891042045627 10 17 0.7089575836086537 9 18 0.017730380886130822 10 18 0.058522931300652746
47 141 4 9 17 0.14038493321281456 10 17 0.01745971707161882 9 18 0.749001770485051 10 18 0.09315357923051563
48 141 4 9 18 0.06186303090892171 10 18 0.43911440076833946 9 19 0.06162163526018231 10 19 0.4374009330625565
48 142 4 9 19 0.5736174692764134 10 19 0.16145792487207192 9 20 0.20673441549983393 10 20 0.05819019035168075
49 142 4 9 19 0.0011300961900763274 10 19 0.07707807935122266 9 20 0.013319751057409498 10 20 0.9084720734012914
49 143 4 9 20 0.20965644021896204 10 20 0.10264969779355392 9 21 0.4616606256356959 10 21 0.22603323635178824
50 144 4 9 22 0.500170796671392 10 22 0.3893660852051759 9 23 0.062111450261676374 10 23 0.04835166786175577
51 145 4 9 23 0.21156122584596085 10 23 0.25520639989464483 9 24 0.2416862021655325 10 24 0.2915461720938618
52 146 4 9 24 0.015144793597317375 10 24 0.02885357600733303 9 25 0.32906781549255776 10 25 0.6269338149027918
53 147 4 9 26 0.1460992900937692 10 26 0.47512982337491877 9 27 0.08907850007451643 10 27 0.28969238645679557
53 148 4 9 27 0.7629902489627054 10 27 0.09233682697720669 9 28 0.12905475981275222 10 28 0.015618164247335671
54 148 4 9 27 0.025034316077146346 10 27 0.1734255412555866 9 28 0.10110865516954978 10 28 0.7004314874977172
54 149 4 9 28 0.3386971806074537 10 28 0.09386063919649622 9 29 0.4443130092463857 10 29 0.12312917094966434
55 149 4 9 29 0.01327063296240575 10 29 0.762419968234372 9 30 0.0038375193626721807 10 30 0.22047187944055013
56 151 4 9 31 0.33163101163807 10 31 0.25538829589397655 9 32 0.23330954037259038 10 32 0.17967115209536305
57 152 4 9 32 0.07488254009165507 10 32 0.08936751130443646 9 33 0.38102319299743037 10 33 0.45472675560647813
58 153 4 9 34 0.25719812128948033 10 34 0.4842826739706487 9 35 0.08967279287795824 10 35 0.16884641186191263
59 154 4 9 35 0.07580110797508822 10 35 0.2429104311490859 9 36 0.16203498727076082 10 36 0.519253473605065
59 155 4 9 36 0.49460049300683634 10 36 0.0582090085885581 9 37 0.4001028208461847 10 37 0.04708767755842083
60 155 4 9 37 0.11539850956175399 10 37 0.7805437734264684 9 38 0.013402766762505569 10 38 0.09065495024927202
60 156 4 9 37 0.10216852393063075 10 37 0.02787172152881221 9 38 0.6834999710007722 10 38 0.18645978353978493
61 156 4 9 38 0.009352954479354006 10 38 0.46382007237290257 9 39 0.010413502923287353 10 39 0.516413470224456
61 157 4 9 39 0.4785633694410416 10 39 0.22870761988243532 9 40 0.1980703065687717 10 40 0.09465870410775137
62 158 4 9 40 0.1614828585968603 10 40 0.12301887459066878 9 41 0.40611599849136354 10 41 0.30938226832110743
37 127 4 10 0 0.15821864830795782 11 0 0.2909267134511524 10 1 0.19404737017720045 11 1 0.35680726806368934
38 128 4 10 1 0.006415491810537124 11 1 0.01996061381262504 10 2 0.23681570775303162 11 2 0.7368081866238062
38 129 4 10 2 0.23445229666624845 11 2 0.026021771428130655 10 3 0.6656461215044923 11 3 0.07387981040112857
39 129 4 10 3 0.08100185453187284 11 3 0.522604994955327 10 4 0.05319452611007775 11 4 0.34319862440272253
39 130 4 10 4 0.6626777836561643 11 4 0.17502702830225964 10 5 0.128385815592987 11 5 0.033909372448589103
40 130 4 10 4 0.004550156266468899 11 4 0.17628743708477582 10 5 0.02061140545389216 11 5 0.7985510011948631
40 131 4 10 5 0.28299799105213735 11 5 0.1319375647703315 10 6 0.39903078927542446 11 6 0.18603365490210677
42 133 4 10 8 0.264176964058832 11 8 0.3052200794917191 10 9 0.19978217842550786 11 9 0.230820778023941
43 134 4 10 9 0.05204176826363084 11 9 0.09458601915097246 10 10 0.3028825552991195 11 10 0.5504896572862771
44 135 4 10 11 0.1779892156863625 11 11 0.5458693155922784 10 12 0.0679002889547697 11 12 0.20824117976658943
44 136 4 10 12 0.8648016653120902 11 12 0.0931548284377748 10 13 0.03795505793624266 11 13 0.0040884483138923225
45 136 4 10 12 0.04120547812317719 11 12 0.25988379701950864 10 13 0.09564920759636548 11 13 0.6032615172609486
45 137 4 10 13 0.42478983341028176 11 13 0.11039740420362801 10 14 0.36893207091646163 11 14 0.09588069146962863
46 137 4 10 14 0.024434745934742937 11 14 0.8538852730719877 10 15 0.003385120863210228 11 15 0.1182948601300592
46 138 4 10 14 0.07697114008526648 11 14 0.035446841392681075 10 15 0.6077159453198874 11 15 0.2798660732021651
47 139 4 10 16 0.39699785182057945 11 16 0.29265087352141284 10 17 0.17865441466292753 11 17 0.13169685999508018
48 140 4 10 17 0.12453061672760003 11 17 0.1423488524784444 10 18 0.3420868308343033 11 18 0.39103369995965226
49 141 4 10 19 0.30183914885173274 11 19 0.542271064218342 10 20 0.055743479788581074 11 20 0.10014630714134408
50 142 4 10 20 0.10472337199075653 11 20 0.31661758494337044 10 21 0.1438244377279391 11 21 0.43483460533793394
50 143 4 10 21 0.5934442477792841 11 21 0.061994671626059566 10 22 0.31197078054661215 11 22 0.03259030004804413
51 144 4 10 22 0.1852935151565053 11 22 0.047376148112883376 10 23 0.6110866942478015 11 23 0.15624364248280984
52 144 4 10 23 0.017549405874757448 11 23 0.5582530387874518 10 24 0.012928766000759146 11 24 0.41126878933703154
52 145 4 10 24 0.5566813115932365 11 24 0.2532190955401897 10 25 0.1306640788894807 11 25 0.05943551397709304
53 146 4 10 25 0.22388203720244954 11 25 0.16324911379501447 10 26 0.35442853435864946 11 26 0.2584403146438865
54 147 4 10 27 0.45255165402798453 11 27 0.5118102408335242 10 28 0.016724098611510925 11 28 0.018914006526980266
55 148 4 10 28 0.19510383786924052 11 28 0.3464888008563202 10 29 0.16513709584866543 11 29 0.2932702654257738
56 149 4 10 29 0.029849160287287704 11 29 0.08897422230231798 10 30 0.22135695450900003 11 30 0.6598196629013943
56 150 4 10 30 0.32047846223862403 11 30 0.03244288282219867 10 31 0.5875948711648644 11 31 0.05948378377431293
57 150 4 10 31 0.09895891715684552 11 31 0.5970952092967977 10 32 0.04321237871785269 11 32 0.260733494828504
57 151 4 10 32 0.7432273433767611 11 32 0.18692474554810623 10 33 0.05581117110513773 11 33 0.014036739969994876
58 151 4 10 32 0.009055697806907537 11 32 0.2642291725107807 10 33 0.02408077914617248 11 33 0.7026343505361393
58 152 4 10 33 0.3500960296881738 11 33 0.15728680310073112 10 34 0.33990766587207816 11 34 0.15270950133901684
59 153 4 10 34 0.049157854576443685 11 34 0.035455722076506255 10 35 0.5318110220622189 11 35 0.3835754012848313
60 154 4 10 36 0.3123468757585784 11 36 0.34949744475842354 10 37 0.1595871819584805 11 37 0.17856849752451762
61 155 4 10 37 0.08676015887885583 11 37 0.15231490550218024 10 38 0.2761390799166135 11 38 0.4847858557023504
62 156 4 10 39 0.20723100044979353 11 39 0.6090748077952909 10 40 0.046633419424057625 11 40 0.137060772330858
62 157 4 10 39 0.04590430869008367 11 39 0.004499462026221283 10 40 0.8648273297909682 11 40 0.08476889949272688
63 157 4 10 40 0.056995741802093595 11 40 0.33654081030703215 10 41 0.08783385915016803 11 41 0.5186295887407062
38 127 4 11 1 0.46456336604330084 12 1 0.32771477710863717 11 2 0.12180061491308136 12 2 0.0859212419349806
39 128 4 11 2 0.17637736740375343 12 2 0.19313151961222957 11 3 0.30095179463105376 12 3 0.3295393183529632
40 129 4 11 4 0.34867885045418023 12 4 0.5980607804258403 11 5 0.019615492659008804 12 5 0.03364487646097063
41 130 4 11 5 0.1358443100466405 12 5 0.38812606469742483 11 6 0.12341521414495905 12 6 0.3526144111109756
41 131 4 11 6 0.6944866765919239 12 6 0.06358166062336555 11 7 0.22164006620684765 12 7 0.0202915965778629
42 131 4 11 6 0.015202908215898694 12 6 0.08599821039221157 11 7 0.13502179705411133 12 7 0.7637770843377784
42 132 4 11 7 0.2706171804225559 12 7 0.0646819006567714 11 8 0.5364747434545974 12 8 0.12822617546607526
43 132 4 11 8 0.027944531310355857 12 8 0.6504873311617991 11 9 0.013245355038035965 12 9 0.308322782489809
43 133 4 11 9 0.6369979277855827 12 9 0.27553189715779647 11 10 0.06105917716998112 12 10 0.026410997886639725
44 134 4 11 10 0.28847988984824857 12 10 0.2012806789591756 11 11 0.30054239618572576 12 11 0.20969703500685008
45 135 4 11 11 0.032154990487707764 12 11 0.03483632218375393 11 12 0.4478324766246629 12 12 0.48517621070387534
46 136 4 11 13 0.23897587789475727 12 13 0.4052461786407492 11 14 0.1319767702960239 12 14 0.22380117316846962
47 137 4 11 14 0.05800243676622773 12 14 0.1634503636333237 11 15 0.20391539250293522 12 15 0.5746318070975134
47 138 4 11 15 0.4185532294743199 12 15 0.03699753339644854 11 16 0.500231818402015 12 16 0.04421741872721649
48 138 4 11 16 0.12210514456208803 12 16 0.6765783997015082 11 17 0.030777865785485442 12 17 0.1705385899509184
48 139 4 11 16 0.026544832584001324 12 16 0.006236674150818972 11 17 0.7832053963707154 12 17 0.18401309689446427
49 139 4 11 17 0.01648316166557219 12 17 0.35943112646206177 11 18 0.02736502976038306 12 18 0.596720682111983
49 140 4 11 18 0.42744498430360944 12 18 0.18256726629524841 11 19 0.27327042572951776 12 19 0.11671732367162434
50 141 4 11 19 0.11078804564530473 12 19 0.0764549488175981 11 20 0.480892545466233 12 20 0.3318644600708642
51 142 4 11 21 0.3689700177537352 12 21 0.3955037205732123 11 22 0.11367575443619887 12 22 0.12185050723685356
52 143 4 11 22 0.12766453732744013 12 22 0.21403994486354525 11 23 0.24594641594090447 12 23 0.41234910186811013
53 144 4 11 24 0.2431283298246995 12 24 0.6758068962303234 11 25 0.02144780452205558 12 25 0.05961696942292147
53 145 4 11 24 0.14101141434885556 12 24 0.012021774177391531 11 25 0.7804319386050715 12 25 0.0665348728686814
54 145 4 11 25 0.07717430763041495 12 25 0.418991662288653 11 26 0.0783670077947506 12 26 0.42546702228618144
54 146 4 11 26 0.5932726507698661 12 26 0.13699128162042573 11 27 0.21913588326244274 12 27 0.050600184347265396
55 146 4 11 26 0.0034134240129265287 12 26 0.0699832897701933 11 27 0.04309307249062083 12 27 0.8835102137262594
55 147 4 11 27 0.21628367281378078 12 27 0.09121100344055603 11 28 0.4870900422969386 12 28 0.20541528144872465
56 148 4 11 29 0.525826729623623 12 29 0.3588986904947585 11 30 0.0685121665655068 12 30 0.046762413316111674
57 149 4 11 30 0.22418920989953406 12 30 0.23776695408288528 11 31 0.26111486736799217 12 31 0.2769289686495885
58 150 4 11 31 0.014744828752258486 12 31 0.024442079094205604 11 32 0.36152442959364955 12 32 0.5992886625598864
59 151 4 11 33 0.16472802560611266 12 33 0.4516896261043963 11 34 0.10250641381820587 12 34 0.2810759344712853
59 152 4 11 34 0.7859628892469865 12 34 0.06455272493474644 11 35 0.1381387687844753 12 35 0.01134561703379173
60 152 4 11 34 0.030635102690852335 12 34 0.1630132928837086 11 35 0.127564517811848 12 35 0.6787870866135911
60 153 4 11 35 0.3486418719931319 12 35 0.07910448605264603 11 36 0.4664249671167404 12 36 0.10582867483748169
61 153 4 11 36 0.03790011993351578 12 36 0.7329790195050756 11 37 0.011264681647595006 12 37 0.21785617891381362
62 155 4 11 38 0.34757645448250735 12 38 0.23463139129135654 11 39 0.24942074678418596 12 39 0.1683714074419502
63 156 4 11 39 0.07780003403745335 12 39 0.08163855560045187 11 40 0.41016234830763626 12 40 0.4303990620544585
38 126 4 12 0 0.5188266707502207 13 0 0.03935350993049316 12 1 0.4106700915989895 13 1 0.031149727720296637
39 126 4 12 1 0.14745004600749873 13 1 0.753862916066043 12 2 0.01614467881292127 13 2 0.08254235911353686
39 127 4 12 1 0.11109951031331787 13 1 0.024311414231433813 12 2 0.7093624331143028 13 2 0.1552266423409455
40 127 4 12 2 0.02610929956443195 13 2 0.4524344063731477 12 3 0.02845060633439853 13 3 0.4930056877280218
40 128 4 12 3 0.5069926129592557 13 3 0.2056490554495479 12 4 0.20443451154677547 13 4 0.08292382004442092
41 129 4 12 4 0.1746169107543524 13 4 0.11525550151848897 12 5 0.42777539483006055 13 5 0.28235219289709806
42 130 4 12 6 0.4277918337890837 13 6 0.43931132234780246 12 7 0.06556565287372565 13 7 0.06733119098938822
43 131 4 12 7 0.17076758981622098 13 7 0.2735663101847173 12 8 0.2135550779249988 13 8 0.34211102207406285
44 132 4 12 8 0.00593648442015002 13 8 0.015628159444825828 12 9 0.2693513643994516 13 9 0.7090839917355727
44 133 4 12 9 0.2383171940478325 13 9 0.017345412288367473 12 10 0.6938378733789698 13 10 0.05049952028483022
45 133 4 12 10 0.09955154749890462 13 10 0.49924384023011603 12 11 0.06670148239910749 13 11 0.334503129871872
45 134 4 12 11 0.6855713813951646 13 11 0.14732196880508006 12 12 0.13754886711004813 13 12 0.029557782689707143
46 134 4 12 11 0.010071900334855551 13 11 0.16595423125821002 12 12 0.04714631064156704 13 12 0.7768275577653674
46 135 4 12 12 0.2928636398924757 13 12 0.11726045417180678 12 13 0.42122178969111884 13 13 0.1686541162445986
47 136 4 12 14 0.5973996476285911 13 14 0.3899551902997361 12 15 0.007650963033385247 13 15 0.004994199038287481
48 137 4 12 15 0.2800433643579459 13 15 0.28454221743443325 12 16 0.2159724273824268 13 16 0.21944199082519403
49 138 4 12 16 0.054880219664102836 13 16 0.08693610599230699 12 17 0.3321007531546804 13 17 0.5260829211889099
50 139 4 12 18 0.1998563674442398 13 18 0.519190702076222 12 19 0.07808978645292526 13 19 0.20286314402661304
50 140 4 12 19 0.8910127218419294 13 19 0.06213231014975643 12 20 0.043800650662436304 13 20 0.003054317345877834
51 140 4 12 19 0.05004468098242147 13 19 0.24623313240208525 12 20 0.11886665399315406 13 20 0.5848555326223391
51 141 4 12 20 0.43797294104148204 13 20 0.09240283481424143 12 21 0.3878056125412942 13 21 0.08181861160298237
52 141 4 12 21 0.052302649151386625 13 21 0.8212059080971577 12 22 0.007573866902599392 13 22 0.11891757584885634
52 142 4 12 21 0.07712629881783636 13 21 0.030480220901932052 12 22 0.6396174358433216 13 22 0.25277604443690993
53 143 4 12 23 0.4161817109105722 13 23 0.268655552673241 12 24 0.19152720482899635 13 24 0.12363553158719053
54 144 4 12 24 0.13068652691893717 13 24 0.13138148052890658 12 25 0.3679875698990277 13 25 0.3699444226531286
55 145 4 12 26 0.32702375940049655 13 26 0.5122749919113991 12 27 0.0626155184958788 13 27 0.09808573019222552
56 146 4 12 27 0.11688003364087153 13 27 0.29964946153506195 12 28 0.16372442533388562 13 28 0.4197460794901809
56 147 4 12 28 0.6099448142013648 13 28 0.04068264344579253 12 29 0.32752686338059295 13 29 0.021845678972249635
57 148 4 12 29 0.1887661326799417 13 29 0.03909206883126069 12 30 0.6396707259804266 13 30 0.13247107250837098
58 148 4 12 30 0.03570681898363068 13 30 0.5352841639203922 12 31 0.02682800214791876 13 31 0.4021810149480583
58 149 4 12 31 0.579182629474049 13 31 0.22590631590119822 12 32 0.1402194102646726 13 32 0.0546916443600803
59 150 4 12 32 0.23335540618465184 13 32 0.14896428305463305 12 33 0.37701181463248007 13 33 0.24066849612823507
60 151 4 12 34 0.4810537233676039 13 34 0.478496709735733 12 35 0.02027867852793857 13 35 0.020170888368724604
61 152 4 12 35 0.21057795831019027 13 35 0.3262032186571805 12 36 0.18171962466371983 13 36 0.28149919836890935
62 153 4 12 36 0.0322953318296222 13 36 0.08171658900179717 12 37 0.25096743222269835 13 37 0.6350206469458821
62 154 4 12 37 0.32726853855292226 13 37 0.020841344749721297 12 38 0.6128614441065992 13 38 0.03902867259075744
63 154 4 12 38 0.12043378905658166 13 38 0.5708088756388825 12 39 0.05379415607414942 13 39 0.2549631792303865
63 155 4 12 39 0.7690461200484563 13 39 0.15629450711822843 12 40 0.0620490436894755 13 40 0.012610329143839834
64 155 4 12 39 0.017502620808018263 13 39 0.25097078775148723 12 40 0.04769050540112329 13 40 0.6838360860393712
64 156 4 12 40 0.3628868574612533 13 40 0.13968451356947248 12 41 0.3591734873550602 13 41 0.13825514161421398
39 125 4 13 0 0.3380961928565461 14 0 0.32911880674577176 13 1 0.16863131335668746 14 1 0.16415368704099484
40 126 4 13 1 0.0972142846161423 14 1 0.14723145885021324 13 2 0.3004784026755162 14 2 0.4550758538581284
41 127 4 13 3 0.23718338332259933 14 3 0.5844931040078011 13 4 0.05147448504746964 14 4 0.1268490276221301
41 128 4 13 3 0.05273614149978869 14 3 0.00303830830183573 13 4 0.8927889454774522 14 4 0.051436604720923304
42 128 4 13 4 0.07165293331419587 14 4 0.3272542978802494 13 5 0.10797011613428359 14 5 0.4931226526712712
42 129 4 13 5 0.529502684129991 14 5 0.10350250953567099 13 6 0.30698758392563175 14 6 0.06000722240870624
43 129 4 13 6 0.06890385240945222 14 6 0.9072341226490378 13 7 0.0016843781174090214 14 7 0.022177646824100988
43 130 4 13 6 0.15293727835979276 14 6 0.057298659169921384 13 7 0.5745181707742405 14 7 0.21524589169604535
44 131 4 13 8 0.48698564137883 14 8 0.30048104001492887 13 9 0.13143498883361374 14 9 0.08109832977262739
45 132 4 13 9 0.185771693840618 14 9 0.1789257314171787 13 10 0.32361411745020763 14 10 0.31168845729199574
46 133 4 13 11 0.3771018772484805 14 11 0.564826291873361 13 12 0.02324911512077008 14 12 0.03482271575738851
47 134 4 13 12 0.15123938794228073 14 12 0.36791952504360553 13 13 0.1400767855053517 14 13 0.34076430150876214
47 135 4 13 13 0.7142256592594979 14 13 0.03903121619760535 13 14 0.23395773279527796 14 14 0.012785391747618934
48 135 4 13 13 0.017570037212903147 14 13 0.07881961963702798 13 14 0.16471131731311103 14 14 0.7388990258369578
48 136 4 13 14 0.2773282141915311 14 14 0.05315940512962421 13 15 0.5618203589416552 14 15 0.1076920217371896
49 136 4 13 15 0.049340360664762536 14 15 0.6242800400492062 13 16 0.02390617493966215 14 16 0.3024734243463691
49 137 4 13 16 0.6627376619119468 14 16 0.2449807012732461 13 17 0.06737609229964994 14 17 0.02490554451515721
50 138 4 13 17 0.3011916750759804 14 17 0.18375743197325747 13 18 0.3198872602140269 14 18 0.19516363273673537
51 139 4 13 18 0.031838826816809926 14 18 0.030341024096472623 13 19 0.48020528955157904 14 19 0.45761485953513836
52 140 4 13 20 0.2576884145812602 14 20 0.38172218019606713 13 21 0.14532088286555386 14 21 0.21526852235711882
53 141 4 13 21 0.06368702455410187 14 21 0.1529543140872632 13 22 0.23028745397112266 14 22 0.5530712073875124
53 142 4 13 22 0.42858172203415174 14 22 0.02215757907843752 13 23 0.5222599750982161 14 23 0.027000723789194655
54 142 4 13 23 0.14681843270735656 14 23 0.6470536497980532 13 24 0.03812122689624975 14 24 0.1680066905983404
54 143 4 13 23 0.023545376245183238 14 23 0.004424668731436399 13 24 0.8182615019655951 14 24 0.1537684530577853
55 143 4 13 24 0.028168500912219056 14 24 0.3429343254572286 13 25 0.04773633976979772 14 25 0.5811608338607547
55 144 4 13 25 0.44347422832222044 14 25 0.1617265605184512 13 26 0.2892978309669684 14 26 0.10550138019236006
56 145 4 13 26 0.11378934076527131 14 26 0.06864219193944521 13 27 0.5099478996023279 14 27 0.30762056769295554
57 146 4 13 28 0.39100001323110795 14 28 0.3686622633376533 13 29 0.12370240821487306 14 29 0.11663531521636566
58 147 4 13 29 0.1366665839061697 14 29 0.20022643652662933 13 30 0.26900101861820774 14 30 0.39410596094899314
59 148 4 13 31 0.2711590767608316 14 31 0.6429646875360122 13 32 0.025473706841956344 14 32 0.060402528861199845
59 149 4 13 31 0.14132941680090577 14 31 0.006892309967155 13 32 0.8121705854090254 14 32 0.03960768782291375
60 149 4 13 32 0.09217710566789994 14 32 0.39917740249298883 13 33 0.0954208590132698 14 33 0.41322463282584143
60 150 4 13 33 0.6126193535793274 14 33 0.11283311705278531 13 34 0.23184582970901432 14 34 0.042701699658872966
61 150 4 13 33 0.0053882731517918316 14 33 0.06319697887313451 13 34 0.07317487260778838 14 34 0.8582398753672852
61 151 4 13 34 0.22260242672460373 14 34 0.08008078777154673 13 35 0.5128279376421484 14 35 0.1844888478617011
62 152 4 13 36 0.5511741838918236 14 36 0.3287397744683751 13 37 0.07522136155331034 14 37 0.044864680086490846
63 153 4 13 37 0.23650871526912232 14 37 0.22063598695511788 13 38 0.28085201125442216 14 38 0.26200328652133764
64 154 4 13 38 0.014036385223221523 14 38 0.020339060865063416 13 39 0.39428952237874804 14 39 0.5713350315329669
65 155 4 13 40 0.18304828243449311 14 40 0.4285579075178402 13 41 0.11624280624588688 14 41 0.2721510038017798
40 124 4 14 0 0.06517257638609009 15 0 0.7110772421378315 14 1 0.018785673691209828 15 1 0.20496450778486855
40 125 4 14 0 0.007665899705562492 15 0 0.0026818812895689093 14 1 0.7331595689789094 15 1 0.25649265002595917
41 126 4 14 2 0.37122661800749945 15 2 0.21635190685168396 14 3 0.26056403175538306 15 3 0.15185744338543367
42 127 4 14 3 0.08615500620175337 15 3 0.07865426252146775 14 4 0.4366008246395396 15 4 0.39858990663723937
43 128 4 14 5 0.3069975448925055 15 5 0.4350424676947675 14 6 0.1067234670271837 15 6 0.15123652038554328
44 129 4 14 6 0.09727739131876421 15 6 0.22199336513254658 14 7 0.2074088016793068 15 7 0.47332044186938227
44 130 4 14 7 0.5320935795556019 15 7 0.02127513936693277 14 8 0.42945983204966975 15 8 0.017171449027795493
45 130 4 14 8 0.17540175039832656 15 8 0.721099749917029 14 9 0.020249623678154974 15 9 0.08324887600648945
45 131 4 14 8 0.11133847022005984 15 8 0.019260992566519846 14 9 0.7411801224636224 15 9 0.12822041474979795
46 131 4 14 9 0.041033055056615815 15 9 0.4326991891227847 14 10 0.0455835000982762 15 10 0.4806842557223233
46 132 4 14 10 0.5262602732233825 15 10 0.1815699334272347 14 11 0.21722350053868147 15 11 0.07494629281070125
47 133 4 14 11 0.1808566221198515 15 11 0.10420432839481072 14 12 0.45359233272059435 15 12 0.26134671676474347
48 134 4 14 13 0.4530602455119987 15 13 0.40923144886671553 14 14 0.07235389040685768 15 14 0.06535441521442815
49 135 4 14 14 0.18300805264046863 15 14 0.2565143856022762 14 15 0.23337126435675537 15 15 0.3271062974004999
50 136 4 14 15 0.005148998345783131 15 15 0.011604183761013567 14 16 0.3021954997298513 15 16 0.681051318163352
50 137 4 14 16 0.2418736127454275 15 16 0.008977531832593288 14 17 0.7223381039374076 15 17 0.026810751484571554
51 137 4 14 17 0.11779276178193757 15 17 0.4761911641889039 14 18 0.08051691737210741 15 18 0.32549915665705115
51 138 4 14 18 0.7081565004501534 15 18 0.11992538799190501 14 19 0.14702039731109223 15 19 0.02489771424684935
52 138 4 14 18 0.015285165719254848 15 18 0.1559295041156244 14 19 0.0739896945132006 15 19 0.7547956356519202
52 139 4 14 19 0.30242081004883753 15 19 0.10289182225726586 14 20 0.44372126879078994 15 20 0.1509660989031067
53 140 4 14 21 0.625985518142381 15 21 0.35655785802776707 14 22 0.011121741775656854 15 22 0.0063348820541950235
54 141 4 14 22 0.2956012859730913 15 22 0.2641728340610943 14 23 0.23247115502335702 15 23 0.20775472494245725
55 142 4 14 23 0.05741019238059839 15 23 0.07959467151763226 14 24 0.36162742969421774 15 24 0.5013677064075517
56 143 4 14 25 0.2214150405181538 15 25 0.49282056724412154 14 26 0.08858776263507277 15 26 0.19717662960265184
56 144 4 14 26 0.9169152996878005 15 26 0.03141827054569193 14 27 0.04995472207262681 15 27 0.0017117076938808105
57 144 4 14 26 0.05857540515768969 15 26 0.2328909464686235 14 27 0.14239257907394737 15 27 0.5661410692997394
57 145 4 14 27 0.4508475699887154 15 27 0.07471674410882173 14 28 0.40698763285012235 15 28 0.06744805305234053
58 145 4 14 28 0.07986207368404832 15 28 0.7888350218063096 14 29 0.012071091625970545 15 29 0.1192318128836715
58 146 4 14 28 0.07697297886641719 15 28 0.025822079095157727 14 29 0.6718274050507737 15 29 0.22537753698765137
59 147 4 14 30 0.4350570913165544 15 30 0.24496871050906527 14 31 0.20470847367904693 15 31 0.11526572449533339
60 148 4 14 31 0.13653395842630264 15 31 0.12072258726336918 14 32 0.3941967876477092 15 32 0.34854666666261896
61 149 4 14 33 0.35189989126522464 15 33 0.48258739828847763 14 34 0.06979603588715488 15 34 0.09571667455914293
62 150 4 14 34 0.12872821660699652 15 34 0.28298981681075785 14 35 0.1839328916237935 15 35 0.4043490749584522
62 151 4 14 35 0.6261369019394517 15 35 0.01967909394952649 14 36 0.34339142489853897 15 36 0.010792579212482814
63 151 4 14 36 0.2013759698347637 15 36 0.7875728074470354 14 37 0.002250319474436789 15 37 0.00880090324376413
63 152 4 14 36 0.19193027151938608 15 36 0.031116468233633558 14 37 0.6685632363969864 15 37 0.10839002384999395
64 152 4 14 37 0.05355575340852227 15 37 0.512623767737318 14 38 0.04103571697906003 15 38 0.3927847618750997
64 153 4 14 38 0.6013754686709204 15 38 0.19890201494614035 14 39 0.15008322032386257 15 39 0.04963929605907664
65 154 4 14 39 0.24252029648288806 15 39 0.1349879309982249 14 40 0.3999035735903054 15 40 0.22258819892858164
41 124 4 15 0 0.03797037757371427 16 0 0.08141222234302098 15 1 0.2800858349748241 16 1 0.6005315651084405
41 125 4 15 1 0.34461648273010936 16 1 0.00886407965785001 15 2 0.6303069484255723 16 2 0.01621248918646828
42 125 4 15 2 0.145607091936166 16 2 0.5510062518446069 15 3 0.0634143016907542 16 3 0.239972354528473
42 126 4 15 3 0.8058923213611208 16 3 0.12481898489087613 15 4 0.05999629087297137 16 4 0.009292402875031667
43 126 4 15 3 0.027380732326912415 16 3 0.24646335531791258 15 4 0.07260584237841827 16 4 0.6535500699767568
43 127 4 15 4 0.3844378674132609 16 4 0.12350418270278794 15 5 0.3724159258992418 16 5 0.11964202398470937
44 128 4 15 5 0.05517655204219294 16 5 0.029996241937900906 15 6 0.5926424223487202 16 6 0.3221847836711859
45 129 4 15 7 0.3568925307172235 16 7 0.3055110071269079 15 8 0.18189162475207143 16 8 0.15570483740379712
46 130 4 15 8 0.10298267357817824 16 8 0.13665160812999813 15 9 0.32676666296954177 16 9 0.4335990553222818
47 131 4 15 10 0.26198047264202823 16 10 0.5548845529301929 15 11 0.05873404498407359 16 11 0.12440092944370529
47 132 4 15 10 0.04982048633513833 16 10 0.0011425017082997695 15 11 0.9277612498981068 16 11 0.021275762058455088
48 132 4 15 11 0.08342207373498045 16 11 0.31067369570128567 15 12 0.12825762496950316 16 12 0.4776466055942308
48 133 4 15 12 0.545615729322755 16 12 0.08257800258473492 15 13 0.3229311879889005 16 13 0.048875080103609456
49 133 4 15 13 0.09970169318764736 16 13 0.8716248201126564 15 14 0.0029431865952467425 16 14 0.025730300104449585
49 134 4 15 13 0.15602237465391236 16 13 0.04940210111761543 15 14 0.6034897237361537 16 14 0.19108580049231846
50 135 4 15 15 0.5090994380303278 16 15 0.27355578160524474 15 16 0.1413778414381201 16 16 0.07596693892630735
51 136 4 15 16 0.1948575415935098 16 16 0.16502842190610775 15 17 0.3465849189533486 16 17 0.29352911754703387
52 137 4 15 18 0.4052164253587721 16 18 0.5319002820048901 15 19 0.02719121626651135 16 19 0.035692076369826374
53 138 4 15 19 0.16632598715395183 16 19 0.34802146407374795 15 20 0.1570468355497421 16 20 0.3286057132225581
53 139 4 15 20 0.73365616324314 16 20 0.014789250455784065 15 21 0.24658387806769733 16 21 0.004970708233378689
54 139 4 15 20 0.01962868752593007 16 20 0.07194950756581474 15 21 0.19470931625614568 16 21 0.7137124886521096
54 140 4 15 21 0.2837307692765221 16 21 0.04194538828644691 15 22 0.5874744531127256 16 22 0.08684938932430537
55 140 4 15 22 0.0704277113352079 16 22 0.5983812276205889 15 23 0.034875473525278304 16 23 0.29631558751892495
55 141 4 15 23 0.6881689173543601 16 23 0.21473798407265357 15 24 0.07400148611329808 16 24 0.023091612459688226
56 142 4 15 24 0.31359498161973015 16 24 0.16654266367132134 15 25 0.3395406029263099 16 25 0.1803217517826386
57 143 4 15 25 0.031214184461925386 16 25 0.026154204693163683 15 26 0.5128865811625252 16 26 0.42974502968238587
58 144 4 15 27 0.27609247258377534 16 27 0.35850666043535856 15 28 0.1589734741190716 16 28 0.20642739286179465
59 145 4 15 28 0.06906313365798768 16 28 0.14276674322519112 15 29 0.2569679941232697 16 29 0.5312021289935516
59 146 4 15 29 0.438301735909995 16 29 0.007626103444407908 15 30 0.5445966104784058 16 30 0.009475550167191418
60 146 4 15 30 0.17122324216864468 16 30 0.617837378578586 15 31 0.04577306669099449 16 31 0.16516631256177483
60 147 4 15 30 0.020237441222406366 16 30 0.002921141996041291 15 31 0.8536260862444048 16 31 0.12321533053714756
61 147 4 15 31 0.039545361474873156 16 31 0.3267460031363882 15 32 0.06841612846317648 16 32 0.5652925069255622
61 148 4 15 32 0.4591949936568318 16 32 0.14119433342565338 15 33 0.3056337148883898 16 33 0.09397695802912498
62 149 4 15 33 0.11648215720124545 16 33 0.06113791374528476 15 34 0.5393117324223581 16 34 0.28306819663111177
63 150 4 15 35 0.4127215300244879 16 35 0.342129284786087 15 36 0.13403754067752596 16 36 0.1111116445118991
64 151 4 15 36 0.14536015180092995 16 36 0.18672140687369 15 37 0.292364099979509 16 37 0.37555434134587107
65 152 4 15 38 0.29888134501298336 16 38 0.6104309575256849 15 39 0.02980808784583746 16 39 0.0608796096154943
65 153 4 15 38 0.14133894056899662 16 38 0.002071324440892164 15 39 0.8442177108969963 16 39 0.012372024093115056
66 153 4 15 39 0.10687142502143 16 39 0.3796716213812724 15 40 0.11278318891580125 16 40 0.40067376468149624
66 154 4 15 40 0.6316575777048216 16 40 0.08898343116910486 15 41 0.24486425483958177 16 41 0.034494736286491884
67 154 4 15 40 0.0070546436066788966 16 40 0.056719146660075465 15 41 0.10356515140896286 16 41 0.8326610583242827
41 123 4 16 0 0.5853404587843318 17 0 0.29994417866117923 16 1 0.07584853515701992 17 1 0.03886682739746895
42 124 4 16 1 0.2553797988009327 17 1 0.20713558250863057 16 2 0.29677437621882957 17 2 0.2407102424716071
43 125 4 16 2 0.01761227739432485 17 2 0.02213384777928315 16 3 0.4255070787038051 17 3 0.5347467961225869
44 126 4 16 4 0.20612243174107284 17 4 0.4108544372965728 16 5 0.12796210543546763 17 5 0.2550610255268868
45 127 4 16 5 0.04370636856649203 17 5 0.15050124433519851 16 6 0.18134334968845892 17 6 0.6244490374098506
45 128 4 16 6 0.3777299410738624 17 6 0.050575634299052354 16 7 0.5041869957882893 17 7 0.067507428838796
46 128 4 16 7 0.08949834330207054 17 7 0.6819400134636647 16 8 0.026516556031290894 17 8 0.20204508720297384
47 130 4 16 9 0.3868683407967826 17 9 0.1958987223042144 16 10 0.27697895822213264 17 10 0.14025397867687034
48 131 4 16 10 0.08876878009241208 17 10 0.07122902687263703 16 11 0.46604370000491363 17 11 0.3739584930300372
49 132 4 16 12 0.3286400191405328 17 12 0.40858853168854664 16 13 0.11713764203516053 17 13 0.14563380713575996
50 133 4 16 13 0.10589191666818601 17 13 0.20856737802494565 16 14 0.23085092558591785 17 14 0.4546897797209504
51 134 4 16 15 0.20304497610514818 17 15 0.6886450624520283 16 16 0.024663047227366206 17 16 0.08364691421545738
51 135 4 16 15 0.11126895144280059 17 15 0.014519049585592785 16 16 0.7733062904968858 17 16 0.10090570847472081
52 135 4 16 16 0.05564833186479013 17 16 0.41327245055642403 16 17 0.06302487254610606 17 17 0.4680543450326797
52 136 4 16 17 0.545219454803533 17 17 0.15779929008890514 16 18 0.23032096821456385 17 18 0.066660286892998
53 137 4 16 18 0.1867878548013771 17 18 0.09346163395510598 16 19 0.4797177492951303 17 19 0.24003276194838669
54 138 4 16 20 0.4780201785509329 17 20 0.3794600540695878 16 21 0.079450606623985 17 21 0.06306916075549435
55 139 4 16 21 0.19494003678076868 17 21 0.23977093970380411 16 22 0.2534959294725168 17 22 0.3117930940429104
56 140 4 16 22 0.004053033587435057 17 22 0.007888686761182493 16 23 0.335348113744261 17 23 0.6527101659071215
57 141 4 16 24 0.13572549738100256 17 24 0.4534469668316453 16 25 0.09464083102910391 17 25 0.3161867047582481
57 142 4 16 25 0.7304331408211602 17 25 0.09283728586271194 16 26 0.15680040619611835 17 26 0.01992916712000957
58 142 4 16 25 0.020189952419667388 17 25 0.14621325565702553 16 26 0.10114155706879223 17 26 0.7324552348545148
58 143 4 16 26 0.31166950152121214 17 26 0.08883166902670488 16 27 0.46652922657444806 17 27 0.13296960287763482
59 143 4 16 27 0.009144236602033916 17 27 0.7344897153386966 16 28 0.003152453964836187 17 28 0.2532135940944333
59 144 4 16 28 0.6542629099721515 17 28 0.3234690044398031 16 29 0.014900999201919223 17 29 0.0073670863861261425
60 145 4 16 29 0.3108507289042382 17 29 0.24411192937176837 16 30 0.24927836134824308 17 30 0.19575898037575037
61 146 4 16 30 0.059631686413109196 17 30 0.07256171572693515 16 31 0.3914625849177397 17 31 0.47634401294221584
62 147 4 16 32 0.24266523490806524 17 32 0.4667589110960238 16 33 0.0993942175011942 17 33 0.19118163649471667
63 148 4 16 33 0.06679765064897032 17 33 0.21985723921916372 16 34 0.1662269828386996 17 34 0.5471181272931664
63 149 4 16 34 0.463413720251943 17 34 0.05733913208741497 16 35 0.4264781318428989 17 35 0.052769015817743105
64 149 4 16 35 0.10711301953272848 17 35 0.7567726141994467 16 36 0.01687679503332324 17 36 0.11923757123450153
64 150 4 16 35 0.07651118023102957 17 35 0.02147241597236619 16 36 0.7043458529422227 17 36 0.19767055085438137
65 150 4 16 36 0.0065968935056524725 17 36 0.4345194840905713 16 37 0.008358102138809735 17 37 0.5505255202649666
65 151 4 16 37 0.453623993038588 17 37 0.2215903470288597 16 38 0.2181982212130749 17 38 0.10658743871947743
66 152 4 16 38 0.1420729112496732 17 38 0.11037217268180868 16 39 0.42071448408037143 17 39 0.3268404319881466
67 153 4 16 40 0.376467544446028 17 40 0.4532082833495023 16 41 0.07728503196241314 17 41 0.09303914024205662
42 123 4 17 0 0.20449913570338993 18 0 0.023918283134949172 17 1 0.6907878207091717 18 1 0.0807947604524892
43 123 4 17 1 0.07394997629492923 18 1 0.49760022393623765 17 2 0.05543494258887087 18 2 0.37301485717996224
43 124 4 17 2 0.6334425899904295 18 2 0.1722055727119616 17 3 0.15280954750054268 18 3 0.04154228979706628
44 124 4 17 2 0.00302770708480948 18 2 0.1457532370103952 17 3 0.017322392877401106 18 3 0.8338966630273942
44 125 4 17 3 0.25929222644168315 18 3 0.1235866801247457 17 4 0.4179250921276708 18 4 0.19919600130590037
45 126 4 17 5 0.5455175011175237 18 5 0.4145921493129427 17 6 0.02266499853024073 18 6 0.017225351039292878
46 127 4 17 6 0.24671859580082098 18 6 0.29062179849369024 17 7 0.2124290849253685 18 7 0.25023052078012037
47 128 4 17 7 0.04011282906089899 18 7 0.0744583090976571 17 8 0.3100000327436722 18 8 0.5754288290977716
48 129 4 17 9 0.16677824378075218 18 9 0.5250236382418486 17 10 0.07429979910220086 18 10 0.2338983188751983
48 130 4 17 10 0.8314073779776738 18 10 0.09449246651615119 17 11 0.06653788351245125 18 11 0.007562271993723761
49 130 4 17 10 0.03552393527286315 18 10 0.23350869061377547 17 11 0.09651928868850038 18 11 0.6344480854248609
49 131 4 17 11 0.39692497513116903 18 11 0.10620561322669352 17 12 0.39198546743736656 18 12 0.10488394420477093
50 131 4 17 12 0.019471170381547925 18 12 0.8267921993691426 17 13 0.0035372346582260854 18 13 0.15019939559108336
50 132 4 17 12 0.05463571086146649 18 12 0.025725621360441035 17 13 0.6252399127854509 18 13 0.2943987549926416
51 133 4 17 14 0.375380389893904 18 14 0.2822116861920483 17 15 0.19546041483142382 18 15 0.1469475090826239
52 134 4 17 15 0.10844258385622564 18 15 0.1263802360937716 17 16 0.35336340194752724 18 16 0.41181377810247555
53 135 4 17 17 0.28646908327747306 18 17 0.5255844805365617 17 18 0.0663020836046616 18 18 0.12164435258130357
54 136 4 17 18 0.09488273547180437 18 18 0.2944015722062754 17 19 0.1488536124887408 18 19 0.4618620798331794
54 137 4 17 19 0.5614202958315431 18 19 0.061961974317760626 17 20 0.33918327073617405 18 20 0.037434459114522214
55 137 4 17 20 0.13019105528189015 18 20 0.8363239962602416 17 21 0.00451047375706548 18 21 0.028974474700802826
55 138 4 17 20 0.15879899226406144 18 20 0.04181402174928721 17 21 0.6327697553820661 18 21 0.16661723060458516
56 138 4 17 21 0.013956165708226814 18 21 0.5297896296979425 17 22 0.011710544409139307 18 22 0.44454366018469144
56 139 4 17 22 0.5309047559978934 18 22 0.24693900187949996 17 23 0.15162917272661602 18 23 0.07052706939599056
57 140 4 17 23 0.2036349106624261 18 23 0.15143959107900506 17 24 0.36986419914049373 18 24 0.27506129911807503
58 141 4 17 25 0.4330224947850755 18 25 0.49928275082039325 17 26 0.031441796096240815 18 26 0.0362529582982904
59 142 4 17 26 0.18110410768161148 18 26 0.32843188178790206 17 27 0.17432536427808662 18 27 0.31613864625239985
60 143 4 17 27 0.021378859154972233 18 27 0.06538787417858626 17 28 0.22501579388313636 18 28 0.6882174727833051
60 144 4 17 28 0.28982484567752154 18 28 0.03103985012726106 17 29 0.6134370259677591 18 29 0.06569827822745836
61 144 4 17 29 0.09120658332164894 18 29 0.5727908938759471 17 30 0.04615325079487012 18 30 0.2898492720075338
61 145 4 17 30 0.7132916941127546 18 30 0.18480374555606563 17 31 0.0809353586109365 18 31 0.020969201720243302
62 145 4 17 30 0.0068327930270170095 18 30 0.23439542803463118 17 31 0.021492222167912536 18 31 0.7372795567704392
62 146 4 17 31 0.3256898094795028 18 31 0.14963637405336946 17 32 0.35950242432256996 18 32 0.16517139214455764
63 147 4 17 32 0.03028106342306487 18 32 0.02227586397384505 17 33 0.5458763514574185 18 33 0.40156672114567166
64 148 4 17 34 0.29418805190233277 18 34 0.33559961935862187 17 35 0.17293454405657566 18 35 0.19727778468246968
65 149 4 17 35 0.07413076407789534 18 35 0.13288765104710787 17 36 0.2839570129593949 18 36 0.5090245719156019
66 150 4 17 37 0.1953195729459702 18 37 0.588929586043067 17 38 0.05373338516973052 18 38 0.16201745584123228
66 151 4 17 37 0.016621027515635965 18 37 0.001726093944625377 17 38 0.8892991492072368 18 38 0.09235372933250194
67 151 4 17 38 0.050613743353557644 18 38 0.3108661594995317 17 39 0.08940439584055353 18 39 0.5491157013063572
67 152 4 17 39 0.47460728030746985 18 39 0.1209705850168398 17 40 0.3222780774937846 18 40 0.0821440571819057
68 152 4 17 40 0.02908437261043586 18 40 0.9096262741066946 17 41 0.0018989476620571144 18 41 0.05939040562081239
68 153 4 17 40 0.1188664949532527 18 40 0.053942114235098364 17 41 0.5689840439264122 18 41 0.25820734688523667
43 122 4 18 0 0.1594521553395205 19 0 0.17800008242042248 18 1 0.31306554493707894 19 1 0.3494822173029781
44 123 4 18 2 0.332471605687076 19 2 0.5822113759369045 18 3 0.03101127566793388 19 3 0.05430574270808557
45 124 4 18 3 0.12516649433483354 19 3 0.36674723115319197 18 4 0.12928156809858687 19 4 0.37880470641338765
45 125 4 18 4 0.6616255454513383 19 4 0.06438614250791116 18 5 0.24968973558925417 19 5 0.02429857645149644
46 125 4 18 4 0.010054521559386935 19 4 0.05908994779268331 18 5 0.13535872195241525 19 5 0.7954968086955145
46 126 4 18 5 0.2432854783372771 19 5 0.059956953486010135 18 6 0.5589949837817257 19 6 0.137762584394987
47 126 4 18 6 0.02351411195094628 19 6 0.6228611012651615 18 7 0.012864312639237718 19 7 0.3407604741446545
47 127 4 18 7 0.6103841929974083 19 7 0.27008898268992365 18 8 0.08286145019997634 19 8 0.03666537411269168
48 128 4 18 8 0.26739558411537634 19 8 0.19030833543600775 18 9 0.31681524016041884 19 9 0.22548084028819707
49 129 4 18 9 0.01660011381012888 19 9 0.018334549605285626 18 10 0.45857589154403394 19 10 0.5064894450405516
50 130 4 18 11 0.2241389685142833 19 11 0.38802643876518317 18 12 0.14200221791829 19 12 0.24583237480224354
51 131 4 18 12 0.04869495644106948 19 12 0.1407011947024419 18 13 0.20841141106991434 19 13 0.6021924377865743
51 132 4 18 13 0.387062433720383 19 13 0.03643167989434536 18 14 0.5269111523977729 19 14 0.049594733987498814
52 132 4 18 14 0.11351563153402477 19 14 0.6531112634735242 18 15 0.034555917055340835 19 15 0.1988171879371102
53 133 4 18 15 0.013423077692830193 19 15 0.33043456117876374 18 16 0.025613651974945913 19 16 0.6305287091534602
53 134 4 18 16 0.4022015849021054 19 16 0.17575401644071245 18 17 0.2937023633728713 19 17 0.1283420352843108
54 135 4 18 17 0.09107407529907711 19 17 0.06411226990777852 18 18 0.4957950540542815 19 18 0.34901860073886287
55 136 4 18 19 0.3499740147046304 19 19 0.3824430743662772 18 20 0.1278602957271246 19 20 0.13972261520196783
56 137 4 18 20 0.11419796333363515 19 20 0.19544986960131736 18 21 0.25460152817653026 19 21 0.43575063888851717
57 138 4 18 22 0.23037972312801186 19 22 0.6564988536709783 18 23 0.029384949460564077 19 23 0.08373647374044582
57 139 4 18 22 0.11089095398157314 19 22 0.010085585288641095 18 23 0.8057409372141748 19 23 0.07328252351561099
58 139 4 18 23 0.06995512998899604 19 23 0.39415419067403185 18 24 0.080774723677933 19 24 0.4551159556590391
58 140 4 18 24 0.5638701576996962 19 24 0.1343371254345557 18 25 0.24372691457443363 19 25 0.05806580229131458
59 140 4 18 24 0.001723675426830872 19 24 0.03961638910024177 18 25 0.03997135931850866 19 25 0.9186885761544187
59 141 4 18 25 0.192410608798903 19 25 0.08302741819938662 18 26 0.5061516445536371 19 26 0.21841032844807318
60 142 4 18 27 0.5026716329058439 19 27 0.34999713795649756 18 28 0.0868558015250781 19 28 0.06047542761258037
61 143 4 18 28 0.2065635422370613 19 28 0.2233359724893109 18 29 0.2739290732722571 19 29 0.29617141200137076
63 145 4 18 31 0.15334975429607187 19 31 0.4310112481583969 18 32 0.10907322337006749 19 32 0.3065657741754637
63 146 4 18 32 0.7524013025081848 19 32 0.06605766241750084 18 33 0.16688889376512644 19 33 0.014652141309187803
64 146 4 18 32 0.024786260436108584 19 32 0.13680548588240518 18 33 0.12860189830841257 19 33 0.7098063553730736
64 147 4 18 33 0.3206097143096162 19 33 0.07507999448011453 18 34 0.4896456630421056 19 34 0.11466462816816363
65 147 4 18 34 0.03276924497589159 19 34 0.7060532452066669 18 35 0.011584094847040045 19 35 0.24959341497040144
65 148 4 18 35 0.6822318231179826 19 35 0.2906886295358001 18 36 0.018988735312149733 19 36 0.008090812034067611
66 149 4 18 36 0.32579169315139717 19 36 0.22435950336641952 18 37 0.266394046357117 19 37 0.18345475712506637
67 150 4 18 37 0.06154470176164512 19 37 0.06583723862022009 18 38 0.4216062188252654 19 38 0.45101184079286943
68 151 4 18 39 0.2636069506140175 19 39 0.44100573363189244 18 40 0.1105091510513034 19 40 0.18487816470278665
69 152 4 18 40 0.07471141745626848 19 40 0.20713201065368286 18 41 0.19036986528743433 19 41 0.5277867066026144
44 121 4 19 0 0.02221203639885785 20 0 0.4242750202826746 19 1 0.027536407741822165 20 1 0.5259765355766454
44 122 4 19 1 0.48091203436486496 20 1 0.1996729847878914 19 2 0.22570362838295832 20 2 0.09371135246428527
45 123 4 19 2 0.15406576121528448 20 2 0.10375000180151688 19 3 0.44351508261094924 20 3 0.2986691543722493
46 124 4 19 4 0.40795865154715827 20 4 0.4270878553336878 19 5 0.08058737335750063 20 5 0.08436611976165324
47 125 4 19 5 0.15646383662955424 20 5 0.25581341411533687 19 6 0.22304736935345773 20 6 0.3646753799016512
48 126 4 19 7 0.26763854735021847 20 7 0.7218694472587174 19 8 0.0028378397112040054 20 8 0.007654165679860172
48 127 4 19 7 0.2073595544876925 20 7 0.01624640259246744 19 8 0.7199840511809019 20 8 0.056409991738938084
49 127 4 19 8 0.0914951906646675 20 8 0.4752435478083059 19 9 0.06994637747516545 20 9 0.3633148840518612
49 128 4 19 9 0.6553317091321204 20 9 0.1455049918120772 19 10 0.1629770776148846 20 10 0.03618622144091783
50 128 4 19 9 0.007544972555916825 20 9 0.1364245097811087 19 10 0.044861776662326616 20 10 0.8111687410006478
50 129 4 19 10 0.2681533966847476 20 10 0.10991404812349492 19 11 0.4411205711406392 20 11 0.1808119840511183
51 130 4 19 12 0.5734073717179928 20 12 0.3818908169542944 19 13 0.026831777185804425 20 13 0.01787003414190833
52 131 4 19 13 0.26158051750265704 20 13 0.270948415033675 19 14 0.2296238124795653 20 14 0.23784725498410272
53 132 4 19 14 0.04194680186409945 20 14 0.06781287453627034 19 15 0.34022270919650466 20 15 0.5500176144031256
54 133 4 19 16 0.18764091694137314 20 16 0.4993495033230415 19 17 0.08549377519764148 20 17 0.227515804537944
54 134 4 19 17 0.8566139559102587 20 17 0.06447442682537989 19 18 0.07338795483592779 20 18 0.005523662428433528
55 134 4 19 17 0.04335865953484184 20 17 0.22086250459362486 19 18 0.12074121368258323 20 18 0.6150376221889502
55 135 4 19 18 0.4091036041651012 20 18 0.08921552243458243 19 19 0.41186348765946723 20 19 0.08981738574084917
56 135 4 19 19 0.04633459500091753 20 19 0.7951173129915867 19 20 0.008730459294889336 20 20 0.14981763271260642
56 136 4 19 19 0.053786390996767776 20 19 0.021763479466960604 19 20 0.658145881906211 20 20 0.2663042476300605
57 137 4 19 21 0.3935597703866217 20 21 0.25922084394115147 19 22 0.2093376835947677 20 22 0.1378817020774592
58 138 4 19 22 0.11359401545028798 20 22 0.11641734274152296 19 23 0.38026861960949776 20 23 0.38972002219869134
59 139 4 19 24 0.3106492152289359 20 24 0.49659288682691255 19 25 0.07417860090923159 20 25 0.1185792970349199
60 140 4 19 25 0.10603491852463698 20 25 0.27843792739526363 19 26 0.16975807869194104 20 26 0.44576907538815835
60 141 4 19 26 0.5769163836563311 20 26 0.04165442473478633 19 27 0.35574383216741895 20 27 0.02568535944146366
61 141 4 19 27 0.16037193869211924 20 27 0.8013316510918117 19 28 0.006386239602869247 20 28 0.031910170613199715
61 142 4 19 27 0.1612671311902057 20 27 0.034534421064949486 19 28 0.6623582657119262 20 28 0.14184018203291868
62 142 4 19 28 0.03110910021981037 20 28 0.5078252334281725 19 29 0.026614259153559926 20 29 0.43445140719845715
62 143 4 19 29 0.5524015952814448 20 29 0.2206307008377551 19 30 0.16218898269909754 20 30 0.06477872118170258
63 144 4 19 30 0.21210380104735016 20 30 0.1381592389358947 19 31 0.39345195801160254 20 31 0.25628500200515253
64 145 4 19 32 0.4605200855274302 20 32 0.4669736983198595 19 33 0.03600085460994769 20 33 0.03650536154276269
65 146 4 19 33 0.1955737495253239 20 33 0.30915077818601755 19 34 0.19191237169043573 20 34 0.30336310059822275
66 147 4 19 34 0.022820552100034763 20 34 0.05913471947533741 19 35 0.25563075019413534 20 35 0.6624139782304924
66 148 4 19 35 0.2956104433945482 20 35 0.020442790652048147 19 36 0.639708077506794 20 36 0.04423868844660974
67 148 4 19 36 0.11167697662413083 20 36 0.5475090388152931 19 37 0.05773950674844975 20 37 0.2830744778121262
67 149 4 19 37 0.7381059921871813 20 37 0.15517798572346325 19 38 0.08817770979254254 20 38 0.018538312296812822
68 149 4 19 37 0.014275237430845796 20 37 0.22214152187261968 19 38 0.0461064270201166 20 38 0.7174768136764179
68 150 4 19 38 0.3374761586553024 20 38 0.1330385631193836 19 39 0.379772724402832 20 39 0.149712553822482
69 151 4 19 39 0.029039463700224193 20 39 0.01870600193850657 19 40 0.5791746004363207 20 40 0.37307993392494854
