background
2D
86
21 30 2 196 167 0.9170504090909049 195 167 0.08294959090909515
22 5 2 182 146 0.4605782272727268 182 147 0.5394217727272732
22 22 2 192 161 0.04815109090909431 192 160 0.9518489090909057
22 32 2 198 168 0.8888416363636331 197 168 0.11115836363636689
22 39 2 202 174 0.5568804090909083 202 173 0.4431195909090917
21 0 4 178 143 0.6257104696809634 179 143 0.2194433939553988 178 144 0.11464048486449552 179 144 0.040205651499142236
21 1 4 178 143 0.007667880247934257 179 143 0.04285484702479396 178 144 0.14410302884297937 179 144 0.8053742438842925
21 2 4 179 144 0.1441158060813721 180 144 0.111775784827715 179 145 0.41907505755499264 180 145 0.3250333515359203
21 3 4 180 145 0.44954942899946354 181 145 0.011711025545989505 180 146 0.5250613891823593 181 146 0.01367815627218756
21 4 4 180 146 0.2573394308203858 181 146 0.40928988736143324 180 147 0.1286913419068918 181 147 0.20467933991128917
21 5 4 181 147 0.6953755842714119 182 147 0.17662259754677317 181 148 0.10207514300132041 182 148 0.025926675180494584
21 6 4 181 147 0.016159707534348963 182 147 0.06120733792019491 181 148 0.1927109742838344 182 148 0.7299219802616217
21 7 4 182 148 0.17537843697285319 183 148 0.10735747211805667 182 149 0.4449121993907884 183 149 0.27235189151830175
21 8 4 182 149 0.015478090768731807 183 149 0.4726266819585369 182 150 0.01623250014036442 183 150 0.49566272713236686
21 9 4 183 150 0.3072993507401683 184 150 0.3861742856234664 183 151 0.13583119471438257 184 151 0.17069516892198275
21 10 4 184 151 0.768106307796254 185 151 0.13073619220374672 184 152 0.08644419220374983 185 152 0.014713307796249523
21 11 4 184 151 0.027717143755166675 185 151 0.07649421988119995 184 152 0.23825331079029352 185 152 0.6575353255733398
21 12 4 185 152 0.20970667679872992 186 152 0.09987355047399557 185 153 0.46768373229218496 186 153 0.22273604043508957
21 13 4 185 153 0.04573281601785432 186 153 0.46921627489123713 185 154 0.0430775476185152 186 154 0.44197336147239336
21 14 4 186 154 0.3603248795943501 187 154 0.3599930749511002 186 155 0.13990543858747229 187 155 0.13977660686707738
21 15 4 187 155 0.8439026402554982 188 155 0.08178417792631815 187 156 0.0677476324717789 188 156 0.006565549346404803
21 16 4 187 155 0.04234018891038319 188 155 0.08871549290779908 187 156 0.2807300383623503 188 156 0.5882142798194674
21 17 4 188 156 0.24710052555901185 189 156 0.0893240198955364 188 157 0.4873896562591745 189 157 0.17618579828627723
21 18 4 188 157 0.07905315020137621 189 157 0.4627402588895309 188 158 0.06685698616226482 189 158 0.39134960474682806
21 19 4 189 158 0.41641601738293765 190 158 0.33074625534433544 189 159 0.14091407352615803 190 159 0.11192365374656887
21 20 4 190 159 0.922764581649143 191 159 0.029766554714489003 190 160 0.04598546380540739 191 160 0.0014833998309606493
21 21 4 190 159 0.060028843000000005 191 159 0.09787115699999793 190 160 0.320141157000005 191 160 0.5219588429999971
21 22 4 191 160 0.2875599832536901 192 160 0.07570888038267382 191 161 0.5040299712917696 192 161 0.13270116507186652
21 23 4 191 161 0.11543909331930102 192 161 0.45319863395342885 191 162 0.0875708157716133 192 162 0.3437914569556568
21 24 4 192 162 0.47557276410592225 193 162 0.2984338268031665 192 163 0.13885709953044675 193 163 0.0871363095604645
21 25 4 192 163 0.025316677431740882 193 163 0.9540587771137138 192 164 0.0005331407500827527 193 164 0.02009140470446253
21 26 4 193 163 0.08078310602401761 194 163 0.10396121215779597 193 164 0.3564866667032607 194 164 0.45876901511492574
21 27 4 194 164 0.3310850498827689 195 164 0.05902813193541066 194 165 0.5176046773899641 195 165 0.09228214079185638
21 28 4 194 165 0.1548906453716243 195 165 0.4405914000829212 194 166 0.10521903644656153 195 166 0.299298918098893
21 29 4 195 166 0.5377951197633135 196 166 0.26305578932759793 195 167 0.13373451660033048 196 167 0.06541457430875801
21 31 4 196 167 0.1046029779824432 197 167 0.10698565838120025 196 168 0.3897665674721102 197 168 0.39864479616424636
21 32 4 197 168 0.37767572544625394 198 168 0.03928177455374836 197 169 0.5281137745537505 198 169 0.054928725446247176
21 33 4 197 169 0.1974078063583503 198 169 0.4249185572780144 197 170 0.11980164818710883 198 170 0.25787198817652646
21 34 4 198 170 0.6030830843550967 199 170 0.22461214291763038 198 171 0.125546324735817 199 171 0.046758447991455836
21 35 4 198 170 0.004630604891033644 199 170 0.02843348601805948 198 171 0.13541875874533835 199 171 0.8315171503455685
21 36 4 199 171 0.13148845887525804 200 171 0.10694449567019396 199 172 0.4199808593065651 200 172 0.3415861861479829
21 37 4 200 172 0.42733200994413423 201 172 0.016469808237683712 200 173 0.5355572627831435 201 173 0.02064091903503853
21 38 4 200 173 0.24299057627947726 201 173 0.40618010553870665 200 174 0.13131865099325515 201 174 0.2195106671885609
21 39 4 201 174 0.671436657881292 202 174 0.1831028875732579 201 175 0.11429252393689861 202 175 0.031167930608551483
21 40 4 201 174 0.011810891113192409 202 174 0.048097517977716366 201 175 0.1853382452504493 202 175 0.7547533456586419
21 41 4 202 175 0.16143954870248203 203 175 0.10383772402479273 202 176 0.4471295422066144 203 176 0.28759318506611087
21 42 4 202 176 0.009407767012781645 203 176 0.4612383693508591 202 177 0.010581278441769402 203 177 0.5187725851945899
22 0 4 179 142 0.4101907536447404 180 142 0.023543155446163627 179 143 0.5355290645370809 180 143 0.030737026372014992
22 1 4 179 143 0.22824901900118916 180 143 0.41085375372608085 179 144 0.12889075372608688 180 144 0.2320064735466431
22 2 4 180 144 0.6490268905331842 181 144 0.19544474583044466 180 145 0.11953283673954293 181 145 0.0359955268968282
22 3 4 180 144 0.00897027733165834 181 144 0.04087022266833651 180 145 0.17100940448652702 181 145 0.7791500955134781
22 4 4 181 145 0.15093072485113976 182 145 0.10427863878522106 181 146 0.4404689115125002 182 146 0.30432172485113895
22 6 4 182 147 0.2758616202349567 183 147 0.39008547067412896 182 148 0.13837792521958905 183 148 0.1956749838713253
22 7 4 183 148 0.7194102953720238 184 148 0.15190565917342783 183 149 0.1062492046279802 184 149 0.022434840826568176
22 8 4 183 148 0.018180394866462987 184 148 0.05850442331535462 183 149 0.21889905967899564 184 149 0.7044161221391867
22 9 4 184 149 0.18291164599100854 185 149 0.09914203582717505 184 150 0.4655877630999048 185 150 0.25235855508191163
22 10 4 184 150 0.02920604874565353 185 150 0.4582164967088818 184 151 0.030713314890712655 185 151 0.481864139654752
22 11 4 185 151 0.32653983040312956 186 151 0.36625157868777175 185 152 0.14479948777869306 186 152 0.16240910313040563
22 12 4 186 152 0.7928593091452555 187 152 0.1053009635820118 186 153 0.08989996358202179 187 153 0.011939763690710918
22 13 4 186 152 0.030456121335666924 187 152 0.07307301502796633 186 153 0.263723105937065 187 153 0.6327477576993017
22 14 4 187 153 0.2179581760652681 188 153 0.09093982393472402 187 154 0.48764100575291675 188 154 0.20346099424709116
22 15 4 187 154 0.060179064243164174 188 154 0.45408779939319394 187 155 0.0568400721204753 188 155 0.4288930642431666
22 16 4 188 155 0.38028364950570437 189 155 0.3393520777670197 188 156 0.1481554414033915 189 156 0.13220883132388442
22 17 4 189 156 0.8693739318528861 190 156 0.055630659056196845 189 157 0.07048511360166271 190 157 0.004510295489254361
22 18 4 189 156 0.0457974567392712 190 156 0.08457599780617771 189 157 0.30548154326073224 190 157 0.5641450021938188
22 19 4 190 157 0.25607031507393874 191 157 0.07967200310787612 190 158 0.5066286394715194 191 158 0.15762904234666578
22 20 4 190 158 0.0942176886750762 191 158 0.44689349314310467 190 159 0.07990122041583657 191 159 0.37898759776598256
22 21 4 191 159 0.43709307754267923 192 159 0.3093869679118676 191 160 0.14844578609368816 192 160 0.105074168451765
22 23 4 192 160 0.06420440107727622 193 160 0.09301337164998834 192 161 0.34417437165000053 193 161 0.4986078556227349
22 24 4 193 161 0.29724806301700496 194 161 0.06533857334662556 193 162 0.5225506642557264 194 162 0.11486269938064304
22 25 4 193 162 0.13132192204138796 194 162 0.4366335779586085 193 163 0.0998967597767981 194 163 0.3321477402232054
22 26 4 194 163 0.4969681145140522 195 163 0.27635624912231027 194 164 0.1456705218495885 195 164 0.08100511451404901
22 27 4 194 164 0.05290677679863873 195 164 0.9257864504740897 194 165 0.001151814110456643 195 165 0.02015495861681491
22 28 4 195 164 0.0856769543496848 196 164 0.09838513655940252 195 165 0.37980159110486345 196 165 0.43613631798604924
22 29 4 196 165 0.3414914198944787 197 165 0.0479395346509746 196 166 0.5354070801055277 197 166 0.07516196534901894
22 30 4 196 166 0.17149176434209923 197 166 0.42330805383971293 196 167 0.11682669020335834 197 167 0.2883734916148295
22 31 4 197 167 0.5599087604198272 198 167 0.24025992139835098 197 168 0.13982964867108863 198 168 0.06000166951073324
22 33 4 198 168 0.11021511655649317 199 168 0.10069129253441335 198 169 0.41236320162532836 199 169 0.3767303892837651
22 34 4 199 169 0.388800385706345 200 169 0.027474887020923922 199 170 0.5451978870209312 200 170 0.03852684025179987
22 35 4 199 170 0.21472721557721675 200 170 0.40691692078641817 199 171 0.13069101169551767 200 171 0.24766485194084742
22 36 4 200 171 0.6259150152599984 201 171 0.20109798473999543 200 172 0.13092316655818717 201 172 0.042063833441819055
22 37 4 200 171 0.00544851202743542 201 171 0.026933351608924332 200 172 0.16280962433620474 201 172 0.8048085120274355
22 38 4 201 172 0.1378188876977025 202 172 0.0999318395750232 201 173 0.4418592032113923 202 173 0.32039006951588195
22 40 4 202 174 0.2610282757467284 203 174 0.3874601787987222 202 175 0.1414897242532758 203 175 0.21002182120127363
22 41 4 203 175 0.6949868790345788 204 175 0.15887043914723778 203 176 0.11895107551088006 204 176 0.0271916063073034
22 42 4 203 175 0.013347088497983887 204 175 0.04587909332019863 203 176 0.21201082059292958 204 176 0.728762997588888
