background
2D
84
21 40 2 71 150 0.2406650476190464 70 150 0.7593349523809536
22 9 2 51 126 0.9682080952380971 51 127 0.031791904761902856
22 40 2 71 149 0.6469051428571291 71 150 0.3530948571428709
21 0 4 44 119 0.05316966563084181 45 119 0.040537620083446184 44 120 0.514231953416745 45 120 0.392060760868967
21 1 4 45 120 0.3148456947996416 46 120 0.02656149567654816 45 121 0.6073542575812659 46 121 0.05123855194254438
21 2 4 45 121 0.1631816554830566 46 121 0.42592543975503483 45 122 0.11381663023119995 46 122 0.2970762745307086
21 3 4 46 122 0.5286918333953506 47 122 0.30811516660465676 46 123 0.1031047856522266 47 123 0.060088214347766004
21 4 4 47 122 0.08337408567943523 48 122 0.0011328190824739168 47 123 0.903220866701491 48 123 0.012272228536599768
21 5 4 47 123 0.11341317423998079 48 123 0.21879363528383008 47 124 0.2279801114742662 48 124 0.43981307900192296
21 6 4 48 124 0.40372619431514195 49 124 0.17618051997057063 48 125 0.2924654247324541 49 125 0.1276278609818333
21 7 4 48 125 0.042199622095369364 49 125 0.785406996952245 48 126 0.008790330285547385 49 126 0.16360305066683828
21 8 4 49 125 0.030558505199764073 50 125 0.044748018609752006 49 126 0.3752297805145018 50 126 0.5494636956759822
21 9 4 50 126 0.24567436743778123 51 126 0.07733206113365079 50 127 0.5149122516098052 51 127 0.1620813198187627
21 10 4 50 127 0.06585092309516508 51 127 0.5048554102381687 50 128 0.049534029285770526 51 128 0.37975963738089574
21 11 4 51 128 0.38480093407666177 52 128 0.4336053040185737 51 129 0.08538235163759451 52 129 0.09621141026716999
21 12 4 52 128 0.054536352763273364 53 128 0.011569790093863865 52 129 0.770445266284332 53 129 0.16344859085853078
21 13 4 52 129 0.056416036297797435 53 129 0.2573900113212415 52 130 0.1233639160831286 53 130 0.5628300362978325
21 14 4 53 130 0.3001688894421647 54 130 0.261337062938776 53 131 0.23440939627211044 54 131 0.20408465134694886
21 15 4 54 131 0.7196887693392257 55 131 0.089517087803631 54 132 0.16968784970837017 55 132 0.0211062931487732
21 16 4 54 131 0.013894961703295764 55 131 0.04301080020146261 54 132 0.23027999067764912 55 132 0.7128142474175925
21 17 4 55 132 0.18245065701051374 56 132 0.12215500965614637 55 133 0.41652262870375184 56 133 0.27887170462958805
21 18 4 56 133 0.5267733790704218 57 133 0.025532192358140134 56 134 0.4269982399771645 57 134 0.020696188594273638
21 19 4 56 134 0.24685765169257884 57 134 0.5531478244978848 56 135 0.06171230068835649 57 135 0.13828222312117994
21 20 4 57 134 0.031646236781725526 58 134 0.016059144170654 57 135 0.6317220489325305 58 135 0.32057257011509
21 21 4 57 135 0.005366515290220283 58 135 0.29003877042406095 57 136 0.012800103757384797 58 136 0.6917946105283339
21 22 4 58 136 0.2025592015037832 59 136 0.3405459889723998 58 137 0.17040575087714255 59 137 0.28648905864667445
21 23 4 59 137 0.5755189144700585 60 137 0.21528618076802614 59 138 0.15224437124421625 60 138 0.05695053351769901
21 24 4 59 137 0.003179035141428229 60 137 0.035325964858565345 59 138 0.07938258390619571 60 138 0.8821124160938107
21 25 4 60 138 0.1251745635178584 61 138 0.161030341244044 60 139 0.31218538886308617 61 139 0.4016097063750114
21 26 4 61 139 0.422937118646978 62 139 0.11096769087682612 61 140 0.36922116706728725 62 140 0.0968740234089086
21 27 4 61 140 0.11486198624310395 62 140 0.6667427280426019 61 141 0.032094632804510415 62 141 0.1863006529097837
21 28 4 62 140 0.0147037377347738 63 140 0.014600881312833816 62 141 0.48705121464616125 63 141 0.48364416630623114
21 29 4 63 141 0.23726913502676197 64 141 0.03973538878275449 63 142 0.6192841506875222 64 142 0.10371132550296139
21 30 4 63 142 0.11089713050001904 64 142 0.41380729807140626 63 143 0.10045448854758576 64 143 0.37484108288098894
21 31 4 64 143 0.4372966765355055 65 143 0.3351076567978215 64 144 0.12885327584544837 65 144 0.09874239082122462
21 32 4 65 143 0.018514963609392546 66 143 0.0015892744858362214 65 144 0.902433322104882 66 144 0.07746243979988922
21 33 4 65 144 0.07384608695980055 66 144 0.19395805589732995 65 145 0.2019005320878231 66 145 0.5302953250550464
21 34 4 66 145 0.32504847515813123 67 145 0.19045557246090813 66 146 0.3054964772228131 67 146 0.17899947515814754
21 35 4 67 146 0.7520178901091716 68 146 0.011186062271769466 67 147 0.2333253956051218 68 147 0.003470652013937118
21 36 4 67 146 0.003708855622432862 68 146 0.0071950015204170535 67 147 0.33643276342518125 68 147 0.6526633794319688
21 37 4 68 147 0.17971408598362604 69 147 0.0788896759211256 68 148 0.5152258663973371 69 148 0.2261703716979112
21 38 4 68 148 0.025182676430855536 69 148 0.48112099023579785 68 149 0.02455560928342831 69 149 0.4691407240499183
21 39 4 69 149 0.3050220555355481 70 149 0.448981515893007 69 150 0.09951456351208485 70 150 0.14648186505936003
21 41 4 70 150 0.028465227336350245 71 150 0.22093815361602256 70 151 0.08566805837795245 71 151 0.6649285606696748
22 0 4 45 119 0.6022858130421876 46 119 0.13662313933876544 45 120 0.21281571076730085 46 120 0.04827533685174604
22 1 4 45 120 0.1676247038844013 46 120 0.8189841532584535 45 121 0.0022751532584079116 46 121 0.011115989598737244
22 2 4 46 120 0.1229413833841348 47 120 0.11136737852062178 46 121 0.4017568070920235 47 121 0.3639344310032199
22 3 4 47 121 0.42392494677938036 48 121 0.05808371988729217 47 122 0.4555715770300986 48 122 0.06241975630322887
22 4 4 47 122 0.17096696549875495 48 122 0.5587416059298194 47 123 0.06332789164407311 48 123 0.20696353692735264
22 5 4 48 123 0.5757846776374783 49 123 0.4016237985529976 48 124 0.013308512838670374 49 124 0.009283010970853631
22 6 4 49 123 0.21247789271942874 50 123 0.012630488232948982 49 124 0.7314136310900691 50 124 0.043477987957553206
22 7 4 49 124 0.14122303931593905 50 124 0.3315852463983404 49 125 0.15746681782687943 50 125 0.3697248964588411
22 8 4 50 125 0.4708435936175375 51 125 0.24966459685864367 50 126 0.18264459685863005 51 126 0.09684721266518875
22 10 4 51 126 0.07839292533599532 52 126 0.13751507466400356 51 127 0.28469193180684205 52 127 0.4994000681931591
22 11 4 52 127 0.33281632180044 53 127 0.1307915829614606 52 128 0.385066868675718 53 128 0.1513252265623814
22 12 4 52 128 0.05169893549379258 53 128 0.6596088740300098 52 129 0.020982588315714517 53 129 0.2677096021604831
22 13 4 53 129 0.4099564807017226 54 129 0.5490512335839816 53 130 0.017523376441105198 54 130 0.02346890927319072
22 14 4 54 129 0.1617028621862111 55 129 0.04500475686140892 54 130 0.6205753282899658 55 130 0.17271705266241422
22 15 4 54 130 0.06228860375669073 55 130 0.39211892005283105 54 131 0.07478792005280681 55 131 0.4708045561376714
22 16 4 55 131 0.34534899112750034 56 131 0.35675843744392316 55 132 0.1465258660153463 56 132 0.1513667054132302
22 17 4 56 132 0.804176405250987 57 132 0.14563092808233824 56 133 0.0424967852251803 57 133 0.007695881441494469
22 18 4 56 132 0.03979208422245434 57 132 0.15771515387277263 56 133 0.16167943958706205 57 133 0.640813322317711
22 19 4 57 133 0.24765531375610564 58 133 0.19755182910102306 57 134 0.30861454338673144 58 134 0.24617831375613988
22 20 4 58 134 0.6312855700424469 59 134 0.061621477576583525 58 135 0.2797826204337108 59 135 0.02731033194725875
22 21 4 58 135 0.2500759007005765 59 135 0.6905310516803699 58 136 0.015790623108930292 59 136 0.043602424510123326
22 22 4 59 135 0.11687544858758064 60 135 0.07143140855526747 59 136 0.5037894085552468 60 136 0.30790373430190504
22 23 4 60 136 0.425308547036794 61 136 0.010698214867955877 60 137 0.5501546434393826 61 137 0.013838594655867545
22 24 4 60 137 0.2258020055720427 61 137 0.457904661094616 60 138 0.10445951823745456 61 138 0.21183381509588675
22 25 4 61 138 0.6380692527647628 62 138 0.29333731866380475 61 139 0.04699060437808356 62 139 0.021602824193348906
22 26 4 61 138 0.007138860043519886 62 138 0.1719676161469494 61 139 0.032719330432675546 62 139 0.7881741933768552
22 27 4 62 139 0.1684419226463828 63 139 0.2583644583059882 62 140 0.2262146011631333 63 140 0.3469790178844957
22 28 4 63 140 0.5055120120019357 64 140 0.16899427371233702 63 141 0.24394284514090106 64 141 0.0815508691448262
22 29 4 63 141 0.0961429376340311 64 141 0.8260632528421504 63 142 0.008110252842154764 64 142 0.06968355668166366
22 30 4 64 141 0.07799565192356854 65 141 0.09191044331452188 64 142 0.381055871885938 65 142 0.4490380328759716
22 31 4 65 142 0.339868583441993 66 142 0.07773741655799918 65 143 0.4739812737008626 66 143 0.1084127262991452
22 32 4 65 143 0.11220263695120869 66 143 0.5531032678106852 65 144 0.05644555352496761 66 144 0.2782485417131385
22 33 4 66 144 0.47790971721313247 67 144 0.43509609231066315 66 145 0.045536806596392906 67 145 0.041457383879811474
22 34 4 67 144 0.14113896708488755 68 144 0.01956674720081691 67 145 0.7371058900579585 68 145 0.10218839565633703
22 35 4 67 145 0.09517614847125969 68 145 0.31322947057634654 67 146 0.13786704200493546 68 146 0.4537273389474583
22 36 4 68 146 0.38568607089602586 69 146 0.2704194529134892 68 147 0.20215545291348994 69 147 0.14173902327699503
22 37 4 69 147 0.8519630200735061 70 147 0.05184240849791067 69 148 0.0906768370693588 70 148 0.005517734359224419
22 38 4 69 147 0.045063472194153575 70 147 0.10644186113916493 69 148 0.252374718282032 70 148 0.5961199483846495
22 39 4 70 148 0.26037623678178407 71 148 0.13882900131343617 70 149 0.3918602870277506 71 149 0.20893447487702915
22 41 4 71 150 0.3236977985961133 72 150 0.5709072490229247 71 151 0.03813539188009115 72 151 0.06725956050087094
