background
2D
42
4 40 2 175 132 0.36254036842104753 174 132 0.6374596315789525
9 41 2 179 130 0.9301734736842029 178 130 0.06982652631579711
0 40 4 171 134 0.6389344552607532 172 134 0.11932643947609668 171 135 0.20369696579188035 172 135 0.03804213947126977
0 41 4 171 135 0.26935111973690135 172 135 0.6876168276315389 171 136 0.012111932894681753 172 136 0.030920119736877985
1 40 4 171 133 0.013204718189019367 172 133 0.30622454496888096 171 134 0.028133755495190364 172 134 0.6524369813469093
1 41 4 172 134 0.2487935692933053 173 134 0.2693427464961854 172 135 0.231376535969854 173 135 0.2504871482406553
2 40 4 172 133 0.21138352194481003 173 133 0.6692141096341407 172 134 0.028662004370982985 173 134 0.09074036405006625
2 41 4 173 133 0.05383813862459225 174 133 0.025466545585948908 173 134 0.6250390192701504 174 134 0.2956562965193085
3 40 4 173 132 0.19382597179126404 174 132 0.24794002820873717 173 133 0.24492660715610515 174 133 0.31330739284389364
3 41 4 174 133 0.5620690382570767 175 133 0.0784040143745149 174 134 0.31551517226924203 175 134 0.044011775099166366
4 41 4 174 132 0.01538347871706044 175 132 0.1862579423355816 174 133 0.060907784440841585 175 133 0.7374507945065164
5 40 4 175 131 0.4716839150193687 176 131 0.09241882182276183 175 132 0.36448276919115996 176 132 0.07141449396670953
5 41 4 175 132 0.20977140737299188 176 132 0.5530383821007007 175 133 0.06522690841648633 176 133 0.1719633021098212
6 40 4 175 130 0.0043686715588686755 176 130 0.12090243370431229 175 131 0.03050506528324325 176 131 0.8442238294535758
6 41 4 176 131 0.15347019264590603 177 131 0.1705079652488369 176 132 0.3202351757751554 177 132 0.35578666633010164
7 40 4 176 130 0.16033907418906573 177 130 0.5261003994951657 176 131 0.07324171528462238 177 131 0.24031881103114622
7 41 4 177 131 0.5951835187463349 178 131 0.28996300756945853 177 132 0.07722890230630278 178 132 0.03762457137790384
8 40 4 177 129 0.1070378597520333 178 129 0.14056998235324858 177 130 0.325249982353231 178 130 0.42714217554148715
8 41 4 178 130 0.3887935962005847 179 130 0.05752129853625913 178 131 0.48232587748362915 179 131 0.07135922777952704
9 40 4 178 129 0.5103336598267295 179 129 0.2984425506996028 178 130 0.12066123491011804 179 130 0.07056255456354965
10 40 4 179 128 0.30694373757103505 180 128 0.0630008413763477 179 129 0.5227582097973887 180 129 0.10729721125522856
10 41 4 179 129 0.1527020578021648 180 129 0.4159495737768083 179 130 0.11583152114520848 180 130 0.3155168472758184
11 40 4 179 128 0.026451987721789732 180 128 0.9046609596466435 179 129 0.0019570122782101747 180 129 0.06693004035335663
11 41 4 180 128 0.06065717879159024 181 128 0.06916282120843334 180 129 0.40658345278735925 181 129 0.46359654721261717
12 40 4 180 127 0.11180498922638939 181 127 0.38047632656309427 180 128 0.1153110634051938 181 128 0.39240762080532254
12 41 4 181 128 0.4601621037664287 182 128 0.23082626465464537 181 129 0.20578558044410408 182 129 0.10322605113482189
13 40 4 181 126 0.022760110505865263 182 126 0.030689573704668825 181 127 0.40306299475730123 182 127 0.5434873210321647
13 41 4 182 127 0.21802851693719383 183 127 0.03412821990493063 182 128 0.6466262199049222 183 128 0.10121704325295335
14 40 4 182 126 0.3838475094549627 183 126 0.2307705431766218 182 127 0.2406826484397799 183 127 0.14469929892863556
14 41 4 182 127 0.051533734093353836 183 127 0.7617913711698211 182 128 0.011828055380338362 183 128 0.1748468393564867
15 40 4 183 125 0.14471392291577617 184 125 0.031072498136858796 183 126 0.6785232876105426 184 126 0.14569029133682238
15 41 4 183 126 0.09814307102440474 184 126 0.27635040265982064 183 127 0.16392577108086365 184 127 0.461580755234911
16 40 4 183 125 0.016171929835686893 184 125 0.7207828596379985 183 126 0.005772333322215207 184 126 0.25727287720409936
16 41 4 184 126 0.4311304224671893 185 126 0.5045314196380866 184 127 0.029645472269662375 185 127 0.034692685625061816
17 40 4 184 124 0.065781267056792 185 124 0.23234189083797227 184 125 0.15487004873267915 185 125 0.5470067933725565
17 41 4 185 125 0.3276510515795746 186 125 0.16917915894675165 185 126 0.33183189578884614 186 126 0.17133789368482763
18 40 4 185 124 0.3603510924738376 186 124 0.4989404338419771 185 125 0.05900727594721681 186 125 0.08170119773696846
18 41 4 186 124 0.04977380046684944 187 124 0.008224778480527257 186 125 0.8084161995331546 187 125 0.13358522151946875
19 40 4 186 123 0.2598717218762883 187 123 0.16058817286057686 186 124 0.3581936991763494 187 124 0.2213464060867854
19 41 4 186 124 0.035228774392160635 187 124 0.5839381729762665 186 125 0.02166827823942665 187 125 0.3591647743921462
20 40 4 187 123 0.8017669447378293 188 123 0.17986131842008637 187 124 0.015005528946384662 188 124 0.0033662078956997114
20 41 4 187 123 0.046094447039719454 188 123 0.13424086874975813 187 124 0.209509658223444 188 124 0.6101550259870784
