background
2D
42
-2 7 2 98 22 0.3579811249999807 98 23 0.6420188750000193
-2 0 4 102 17 0.8375829361201066 103 17 0.12920798054656085 102 18 0.028770813879895173 103 18 0.004438269453437328
-2 1 4 101 17 0.07564277073198457 102 17 0.08988960426801339 101 18 0.3813238542680223 102 18 0.45314377073197976
-2 2 4 100 18 0.017331966853082248 101 18 0.34694186648024616 100 19 0.030247533146915417 101 19 0.6054786335197562
-2 3 4 100 19 0.3593120661500642 101 19 0.20370322551659462 100 20 0.2788803088499385 101 20 0.15810439948340269
-2 4 4 99 20 0.17429394362294096 100 20 0.5874628063770484 99 21 0.05451130637706678 100 21 0.1837319436229439
-2 5 4 99 21 0.7870496409383605 100 21 0.17344856739495926 99 22 0.032368484061652235 100 22 0.0071333076050279845
-2 6 4 98 21 0.06529319976299383 99 21 0.0939464669036564 98 22 0.34473780023700973 99 22 0.49602253309634003
-2 8 4 97 23 0.3291659852732821 98 23 0.22755659806005746 97 24 0.26209076472673154 98 24 0.1811866519399289
-2 9 4 96 24 0.13739596195891576 97 24 0.6180680797077542 96 25 0.044473663041102916 97 25 0.20006229529222705
-2 10 4 96 25 0.7371070501537459 97 25 0.2170984498462546 96 26 0.035375449846249414 97 26 0.010419050153750106
-2 11 4 95 25 0.0555343331911524 96 25 0.09741262514217855 95 26 0.3075610418088621 96 26 0.5394919998578069
-2 12 4 95 26 0.3354081444044615 96 26 0.016280272262228352 95 27 0.6183001055955439 96 27 0.030011477737766284
-2 13 4 94 27 0.29961060879361834 95 27 0.25081926620640194 94 28 0.24471051620637788 95 28 0.20485960879360185
-2 14 4 93 28 0.10108868469200326 94 28 0.6480826486413475 93 29 0.03384531530799796 94 29 0.21698335135865132
-2 15 4 93 29 0.6877551637662925 94 29 0.2601576279003887 93 30 0.03779171123371375 94 30 0.014295497099605065
-2 16 4 92 29 0.04636617101644075 93 29 0.1002880789835709 92 30 0.2697935789835563 93 30 0.5835521710164321
-2 17 4 92 30 0.31319537310915974 93 30 0.03220033522418238 92 31 0.5935772518908424 93 31 0.061027039775815514
-2 18 4 91 31 0.27064593671109016 92 31 0.2734912299555824 91 32 0.226739563288917 92 32 0.22912327004441044
-2 19 4 90 32 0.06537211182224369 91 32 0.6775065131777593 90 33 0.02262626317776849 91 33 0.23449511182222849
-2 20 4 90 33 0.6389939817759405 91 33 0.30262610155739306 90 34 0.039617268224062585 91 34 0.01876264844260395
-1 0 4 102 17 0.02448738799271634 103 17 0.35169065367394614 102 18 0.04060782034061593 103 18 0.5832141379927216
-1 1 4 102 18 0.37697936341595595 103 18 0.19794013658403695 102 19 0.27872871991738135 103 19 0.14635178008262575
-1 2 4 101 19 0.19056890868174525 102 19 0.5830920496515781 101 20 0.05575204965158287 102 20 0.17058699201509375
-1 3 4 101 20 0.8138364821234196 102 20 0.1585659345432342 101 21 0.023097351209913512 102 21 0.004500232123432653
-1 4 4 100 20 0.07317200040765558 101 20 0.09797187459232871 100 21 0.3543747079256826 101 21 0.4744814170743331
-1 5 4 99 21 0.006716963534447764 100 21 0.36316836979886696 99 22 0.011442619798895456 100 22 0.6186720468677898
-1 6 4 99 22 0.34616432983710016 100 22 0.22246246182954502 99 23 0.2626081284962339 100 23 0.16876507983712094
-1 7 4 98 23 0.15300197431566623 99 23 0.6143662756843095 98 24 0.046383359017672855 99 24 0.1862483909823515
-1 8 4 98 24 0.763224938636784 99 24 0.20288476969655062 98 25 0.026773269696560176 99 25 0.007117021970105285
-1 9 4 97 24 0.06274418113376586 98 24 0.10210698553289914 97 25 0.3178669021995833 98 25 0.5172819311337518
-1 10 4 97 25 0.3531298684733277 98 25 0.01046275652669615 97 26 0.618094089859998 98 26 0.018313285139978094
-1 11 4 96 26 0.3159400006554052 97 26 0.24639408267792073 96 27 0.24589683267793983 97 27 0.19176908398873427
-1 12 4 95 27 0.11602574434672167 96 27 0.6450497973199631 95 28 0.03642396398661415 96 28 0.20250049434670106
-1 13 4 95 28 0.7132040995472549 96 28 0.24661290045276033 95 29 0.02985848378607174 96 29 0.01032451621391302
-1 14 4 94 28 0.0529070662570056 95 28 0.1056513920763401 94 29 0.2807683920763261 95 29 0.5606731495903282
-1 15 4 94 29 0.3302481444759822 95 29 0.027051772190693955 94 30 0.5940401888573545 95 30 0.048659894475969336
-1 16 4 93 30 0.2863063758708283 94 30 0.2697349991291783 93 31 0.22859483246249923 94 31 0.21536379253749416
-1 17 4 92 31 0.07964021877490259 93 31 0.6751426145584345 92 32 0.025873864558429972 93 32 0.21934330210823297
-1 18 4 92 32 0.6637739648548675 93 32 0.2897503268118 92 33 0.032352993478470086 93 33 0.014122714854862389
-1 19 4 91 32 0.04366065577737584 92 32 0.10860509422262214 91 33 0.2430791775559668 92 33 0.6046550724440353
-1 20 4 91 33 0.3079571248757683 92 33 0.04305008345756012 91 34 0.5693955834575651 92 34 0.07959720820910643
