background
2D
22
-1 0 2 133 418 0.35609599999997954 133 419 0.6439040000000205
-2 0 4 132 418 0.04509058077179601 133 418 0.0019884192282005357 132 419 0.9126736192281896 133 419 0.040247380771813945
-2 1 4 132 419 0.06229426313726531 133 419 0.03372813686271588 132 420 0.5864529368627088 133 420 0.31752466313731004
-2 2 4 132 420 0.04924926022715676 133 420 0.0957165397728375 132 421 0.29048093977283435 133 421 0.5645532602271714
-2 3 4 132 421 0.005955572041436285 133 421 0.18795362795857104 132 422 0.024757627958543395 133 422 0.7813331720414493
-2 4 4 133 422 0.1752657985801339 134 422 0.06758680141988649 133 423 0.5464304014198628 134 423 0.21071699858011683
-2 5 4 133 423 0.12041813984319778 134 423 0.17137786015680725 133 424 0.2922610601567875 134 424 0.41594293984320746
-2 6 4 133 424 0.035321795830670015 134 424 0.3054176041693197 133 425 0.06834040416930381 134 425 0.5909201958307064
-2 7 4 134 425 0.3096595665425586 135 425 0.08002323345744414 134 426 0.48498563345743223 135 426 0.12533156654256503
-2 8 4 134 426 0.21300925197883866 135 426 0.22561694802117718 134 427 0.27261894802114073 135 427 0.28875485197884343
-2 9 4 134 427 0.08611025213950448 135 427 0.40145934786049603 134 428 0.09050094786046352 135 428 0.421929452139536
-2 10 4 135 428 0.46547556702460374 136 428 0.07103743297540985 135 429 0.40211863297538125 136 429 0.06136836702460516
-1 1 4 133 419 0.28259218200960984 134 419 0.12244721799035437 133 420 0.41509841799037733 134 420 0.17986218200965845
-1 2 4 133 420 0.17645112921407305 134 420 0.2775316707859042 133 421 0.21222247078593112 134 421 0.33379472921409165
-1 3 4 133 421 0.040061391142915584 134 421 0.46286480885707476 133 422 0.039595208857077166 134 422 0.4574785911429325
-1 4 4 134 422 0.425292567796168 135 422 0.1265770322038354 134 423 0.3453470322038418 135 423 0.10278336779615485
-1 5 4 134 423 0.2773488591737935 135 423 0.32346414082619457 134 424 0.18427374082620485 135 424 0.2149132591738071
-1 6 4 134 424 0.09915646527582733 135 424 0.5505999347241454 134 425 0.05344913472415958 135 425 0.2967944652758677
-1 7 4 135 425 0.5894151861022707 136 425 0.10928461389771504 135 426 0.2541734138977332 136 426 0.04712678610228105
-1 8 4 135 426 0.39966882165311374 136 426 0.3479743783468851 135 427 0.13490277834687872 136 427 0.11745402165312244
-1 9 4 135 427 0.1796737719283412 136 427 0.6169128280716423 135 428 0.04588082807163987 136 428 0.15753257192837664
-1 10 4 136 428 0.7749600369279952 137 428 0.07056996307200135 136 429 0.14157756307200287 137 429 0.012892436928000586
