background
2D
42
45 16 2 72 121 0.13954447826088767 71 121 0.8604555217391123
44 0 4 81 108 0.10197420210909647 82 108 0.029036580499601228 81 109 0.676390754412631 82 109 0.19259846297867134
44 1 4 80 109 0.1881259515438417 81 109 0.2269413093257212 80 110 0.26511613541266554 81 110 0.31981660371777154
44 2 4 79 110 0.08957118631706261 80 110 0.6095525528133797 79 111 0.038548031074224456 80 111 0.2623282297953332
44 3 4 79 111 0.7894901238200724 80 111 0.19369009357123512 79 112 0.01350622400600866 80 112 0.0033135586026837747
44 4 4 78 111 0.1277053292702429 79 111 0.1395313663819299 78 112 0.350168148990618 79 112 0.3825951553572092
44 5 4 77 112 0.08421036788497045 78 112 0.4670828060280818 77 113 0.06854024081067027 78 113 0.3801665852762775
44 6 4 77 113 0.6913585440120825 78 113 0.14399110816183497 77 114 0.13626919511833807 78 114 0.0283811527077445
44 7 4 76 113 0.06000216199941746 77 113 0.0594039684353652 76 114 0.4425027075657971 77 114 0.4380911619994202
44 8 4 75 114 0.07156700445564915 76 114 0.33189560423999875 75 115 0.10581499554434523 76 115 0.49072239576000687
44 9 4 75 115 0.5859444192068799 76 115 0.10157466774964743 75 116 0.26631471122789435 76 116 0.046166201815578366
44 10 4 74 116 0.5121527106009198 75 116 0.4594228546164727 74 117 0.0149835502686342 75 117 0.013440884513973277
44 11 4 73 116 0.05164109602910339 74 116 0.20399094744915436 73 117 0.15037229527524465 74 117 0.5939956612464976
44 12 4 73 117 0.47324774940445063 74 117 0.06644077233468654 73 118 0.4036427723346772 74 118 0.056668705926185614
44 13 4 72 118 0.4545158446399969 73 118 0.3692291553600055 72 119 0.09725180753391077 73 119 0.07900319246608684
44 14 4 71 118 0.02443264260533118 72 118 0.08336883565555064 71 119 0.2022121400033421 72 119 0.6899863817357761
44 15 4 71 119 0.3532685346047764 72 119 0.03858942191695642 71 120 0.5482533784386909 72 120 0.05988866503957629
44 16 4 70 120 0.3895964336818474 71 120 0.2863180011007649 70 121 0.18680260979641397 71 121 0.13728295542097377
44 17 4 69 121 0.2412178180973601 70 121 0.7187530949461174 69 122 0.01005835581566683 70 122 0.02997073114085569
44 18 4 69 121 0.22600677480790887 70 121 0.01802061649644805 69 122 0.7001465295399121 70 122 0.055826079155731
44 19 4 68 122 0.31739447772647117 69 122 0.21068939183875093 68 123 0.2836359570561438 69 123 0.1882801733786341
44 20 4 67 123 0.22407566598349235 68 123 0.588064681842595 67 124 0.051831899233888236 68 124 0.13602775294002442
45 0 4 81 109 0.02847251702131265 82 109 0.427661135152591 81 110 0.033948917761265796 82 110 0.5099174300648305
45 1 4 81 110 0.5457411211576043 82 110 0.19444900927716452 81 111 0.1915574440597539 82 111 0.06825242550547722
45 2 4 80 110 0.009993862806334027 81 110 0.014252745889314293 80 111 0.40218183284580405 81 111 0.5735715584585477
45 3 4 79 111 0.026838655010889678 80 111 0.28146443194562387 79 112 0.06021417107604242 80 112 0.631482741967444
45 4 4 79 112 0.4513364977712976 80 112 0.14102306744608117 79 113 0.31059345875041433 80 113 0.0970469760322069
45 5 4 78 113 0.38282473891367197 79 113 0.4935913045645862 78 114 0.05398234804281977 79 114 0.06960160847892204
45 6 4 77 113 0.017922248003237808 78 113 0.1425502737358856 77 114 0.09376196938803373 78 114 0.7457655088728429
45 7 4 77 114 0.34964932938776416 78 114 0.09487967061222446 77 115 0.4369120184383014 78 115 0.11855898156170996
45 8 4 76 115 0.33619737437163866 77 115 0.3923881038892152 76 116 0.12524110388920673 77 116 0.14617341784993942
45 9 4 75 115 0.0017232959983637004 76 115 0.010918660523369577 75 116 0.1345923126972615 76 116 0.8527657307810053
45 10 4 75 116 0.2406796160069999 76 116 0.05601881877559859 75 117 0.5705131231234051 76 117 0.1327884420939964
45 11 4 74 117 0.2822874648323849 75 117 0.2984674482110788 74 118 0.20378240473281412 75 118 0.21546268222372217
45 12 4 73 118 0.13918879899624184 74 118 0.7256225923081013 73 119 0.021758201003737026 74 119 0.11343040769191982
45 13 4 73 118 0.12442735762901536 74 118 0.024440511936193007 73 119 0.7113967728057433 74 119 0.13973535762904832
45 14 4 72 119 0.22109501029590567 73 119 0.21182933753018213 72 120 0.2896062505736328 73 120 0.2774694016002794
45 15 4 71 120 0.1330561483012553 72 120 0.5839246777856835 71 121 0.052522243003062984 72 121 0.2304969309099982
45 17 4 70 121 0.1526200107621895 71 121 0.13247377184649395 70 122 0.3827126414116884 71 122 0.3321935759796281
45 18 4 69 122 0.11964095260905974 70 122 0.4495093082605031 69 123 0.09056882999961222 70 123 0.3402809091308249
45 19 4 69 123 0.7551621189248324 70 123 0.09804462020559572 69 124 0.12992479411863359 70 124 0.016868466750938296
45 20 4 68 123 0.07686246623126013 69 123 0.0604007511600332 68 124 0.48310157724697145 69 124 0.37963520536173523
