background
2D
86
-2 18 2 171 171 0.5775737272727213 170 171 0.42242627272727873
-2 34 2 180 183 0.29035418181818073 180 184 0.7096458181818193
-1 20 2 173 172 0.5493649545454531 172 172 0.4506350454545469
-2 0 4 159 156 0.005191906787257382 160 156 0.30262091139455843 159 157 0.011675184121837502 160 157 0.6805119976963466
-2 1 4 160 157 0.21978906628730763 161 157 0.29339261553087415 160 158 0.20849797916724547 161 158 0.27832033901457276
-2 2 4 161 158 0.603371922871999 162 158 0.11517862258254168 161 159 0.2363350771280052 162 159 0.04511437741745413
-2 3 4 161 159 0.23202106745043605 162 159 0.6918983416404706 161 160 0.01910588709501927 162 160 0.056974703814074094
-2 4 4 162 159 0.08565954547715753 163 159 0.043628727250115094 162 160 0.576887363613756 163 160 0.2938243636589714
-2 5 4 162 160 0.024753538770347912 163 160 0.30990359759329067 162 161 0.04921332486602381 163 161 0.6161295387703376
-2 6 4 163 161 0.2621215018754558 164 161 0.27790449812454165 163 162 0.223265316306367 164 162 0.23670868369363554
-2 7 4 164 162 0.6684751620652135 165 162 0.0769197015711499 164 163 0.22833161066206042 165 163 0.02627352570157616
-2 8 4 164 163 0.2930507920668978 165 163 0.6577129352058315 164 164 0.015175935205834296 165 164 0.03406033752143631
-2 9 4 165 163 0.11236030097140744 166 163 0.04377228993768793 165 164 0.6072863808467829 166 164 0.2365810282441217
-2 10 4 165 164 0.047380779687835585 166 164 0.3141206748576115 165 165 0.08368585667580589 166 165 0.554812688778747
-2 11 4 166 165 0.3075195463980044 167 165 0.2593507717838087 166 166 0.23496704451108819 167 166 0.1981626373070987
-2 12 4 167 166 0.736644010192828 168 166 0.035595171625351134 167 167 0.21726253526172284 168 167 0.010498282920098087
-2 13 4 167 167 0.3571461256177517 168 167 0.6204619198367933 167 168 0.00818037438225019 168 168 0.01421158016320476
-2 14 4 168 167 0.1421266654000466 169 167 0.04085024369085733 168 168 0.6346197891454135 169 168 0.18240330176368258
-2 15 4 168 168 0.07307362953972549 169 168 0.3152721431875444 168 169 0.11509277955118571 169 169 0.4965614477215444
-2 16 4 169 169 0.3559831998549618 170 169 0.23773143650867407 169 170 0.24360316378140762 170 170 0.16268219985495652
-2 17 4 169 170 0.008794967254842757 170 170 0.7902885327451555 169 171 0.002211350926977761 170 171 0.19870514907302395
-2 19 4 171 171 0.17495863876309714 172 171 0.034862588509629526 171 172 0.6588875885096327 172 172 0.13129118421764063
-2 20 4 171 172 0.10183208832601867 172 172 0.31335800258307045 171 173 0.14343409349216937 172 173 0.4413758155987415
-2 21 4 172 173 0.40751246224631404 173 173 0.21304649229914102 172 174 0.2491736741173251 173 174 0.13026737133721983
-2 22 4 172 174 0.0562507150694433 173 174 0.7696771031123741 172 175 0.011855375839654063 173 175 0.16221680597852844
-2 23 4 173 174 0.015007574068121077 174 174 0.016289107750058828 173 175 0.4645184713864274 174 175 0.5041848467953927
-2 24 4 174 175 0.21085622106054425 175 175 0.02580932439399808 174 176 0.6800897789394624 175 176 0.08324467560599524
-2 25 4 174 176 0.13365615604670986 175 176 0.3083782530441984 174 177 0.16870979849874793 175 177 0.3892557924103438
-2 26 4 175 177 0.4621073335720691 176 177 0.18529593915520157 175 178 0.25167857551884687 176 178 0.10091815175388244
-2 27 4 175 178 0.10677207181843894 176 178 0.7460000645451977 175 179 0.018433791817928154 176 179 0.12879407181843516
-2 28 4 176 178 0.03119996169490882 177 178 0.02694103830509029 176 179 0.505425856486913 177 179 0.43643314351308793
-2 29 4 177 179 0.2498194122923979 178 179 0.013690451343967175 177 180 0.6982263604348821 178 180 0.03826377592875286
-2 30 4 177 180 0.1685458327018035 178 180 0.300332894570924 177 181 0.19091989457092756 178 181 0.34020137815634494
-2 31 4 178 181 0.519767813832228 179 181 0.1544797770768654 178 182 0.2511178679859612 179 182 0.07463454110494533
-2 32 4 178 182 0.1603590375018385 179 182 0.7192574170436175 178 183 0.02194659886180189 179 183 0.09843694659274221
-2 33 4 179 182 0.050457958256097536 180 182 0.03452735992572078 179 183 0.5432676326529975 180 183 0.3717470491651842
-2 35 4 180 184 0.2065011182912999 181 184 0.2892219271632468 180 185 0.210064381708708 181 185 0.2942125728367453
-2 36 4 181 185 0.5804939030267771 182 185 0.12059800606412849 181 186 0.24749155151868193 182 186 0.05141653939041249
-2 37 4 181 186 0.21701161211963818 182 186 0.6894491606076334 181 187 0.022393796971275505 182 187 0.07114543030145294
-2 38 4 182 186 0.07278156375168723 183 186 0.03904807261195029 182 187 0.5780437998846811 183 187 0.31012656375168135
-2 39 4 182 187 0.019744121559298326 183 187 0.29745437844070516 182 188 0.04250119662252822 183 188 0.6403003033774682
-2 40 4 183 188 0.24752201281519204 184 188 0.2750453508211703 183 189 0.22614325991208561 184 189 0.251289376451552
-2 41 4 184 189 0.6442856011557381 185 189 0.08365062611699026 184 190 0.24079962611699424 185 190 0.03126414661027743
-2 42 4 184 190 0.27672979567184053 185 190 0.6565752952372538 184 191 0.019775386146346444 185 191 0.04691952294455925
-1 0 4 160 156 0.19921072369796028 161 156 0.6971821399384045 160 157 0.02302523084749348 161 157 0.0805819055161418
-1 1 4 161 156 0.06448191980566362 162 156 0.03727980746706708 161 157 0.5691739892852483 162 157 0.329064283442021
-1 2 4 161 157 0.013844176634373732 162 157 0.29328641427471586 161 158 0.031231687001989337 162 158 0.6616377220889211
-1 3 4 162 158 0.23395385782046121 163 158 0.27854559672499435 162 159 0.22254196036135296 163 159 0.2649585850931915
-1 4 4 163 159 0.6230492360912031 164 159 0.09481908209061846 163 160 0.24486653663606933 164 160 0.03726514518210916
-1 5 4 163 160 0.2578931296284096 164 160 0.6653440521897779 163 161 0.021442597644320986 164 161 0.055320220537491534
-1 6 4 164 160 0.08883535661389523 165 160 0.03977068884065112 164 161 0.6019203252042865 165 161 0.2694736293411672
-1 7 4 164 161 0.03412409886585038 165 161 0.29985081022506194 164 162 0.06805153749778242 165 162 0.5979735534113052
-1 8 4 165 162 0.277004583657005 166 162 0.2623391890702733 165 163 0.23659100725208604 166 163 0.22406522002063567
-1 9 4 166 163 0.6888707655328118 167 163 0.055841870830832495 166 164 0.23614477992173746 167 164 0.01914258371461828
-1 10 4 166 164 0.319641144493249 167 164 0.630440355506747 166 165 0.016794355506751353 167 165 0.03312414449325262
-1 11 4 167 164 0.11625440235652722 168 164 0.03919596127983478 167 165 0.6316010521889243 168 165 0.2129485841747138
-1 12 4 167 165 0.057469630031729654 168 165 0.3033495972409983 167 166 0.10180577905918 168 166 0.537374993668092
-1 13 4 168 166 0.32312091842794427 169 166 0.24306717248114967 168 167 0.24757444520842004 169 167 0.18623746388248602
-1 14 4 169 167 0.7577579039088026 170 167 0.013799050636650193 169 168 0.22435741427301634 170 168 0.004085631181530844
-1 15 4 169 168 0.38445476829249353 170 168 0.5924710498893253 169 169 0.009080504434776562 170 169 0.013993677383404655
-1 16 4 170 168 0.1467390570335666 171 168 0.035555624784618156 170 169 0.6582161702391617 171 169 0.15948914794265356
-1 17 4 170 169 0.08388077013200769 171 169 0.3037827753225395 170 170 0.13249441168617168 171 170 0.4798420428592811
-1 18 4 171 170 0.3723028621332841 172 170 0.22072954695762548 171 171 0.2554922742303535 172 171 0.15147531667873693
-1 19 4 171 171 0.03130937849193223 172 171 0.7670918942353433 171 172 0.007905712417156468 172 172 0.19369301485556797
-1 21 4 173 172 0.180289320645003 174 172 0.028849679355000962 173 173 0.681765679354995 174 173 0.10909532064500102
-1 22 4 173 173 0.11335751916668946 174 173 0.3011503444696769 173 174 0.16011743537876677 174 174 0.42537470098486685
-1 23 4 174 174 0.42455041477302474 175 174 0.19532631249970406 174 175 0.2603444943178826 175 175 0.11977877840938862
-1 24 4 174 175 0.07948341655492103 175 175 0.7457621743541702 174 176 0.016831447081444517 175 176 0.15792296200946426
-1 25 4 175 175 0.015544024512373198 176 175 0.015070430033083995 175 176 0.49219079366944346 176 176 0.47719475178509935
-1 26 4 176 176 0.2169051931908386 177 176 0.019078124990981018 176 177 0.7022495795364363 177 177 0.061767102281744125
-1 27 4 176 177 0.14589987713576927 177 177 0.29545230468241634 176 178 0.1846748501369567 177 178 0.3739729680448577
-1 28 4 177 178 0.4798635763471685 178 178 0.16685746910737953 177 179 0.26213110547101215 178 179 0.09114784907443985
-1 29 4 177 179 0.13072306355230864 178 179 0.7213668455386053 177 180 0.022691572811330194 178 180 0.12521851809775583
-1 30 4 178 179 0.032454702387549536 179 179 0.02500407033972686 178 180 0.5323798885215404 179 180 0.4101613387511832
-1 31 4 179 180 0.2565866746710809 180 180 0.006240961692561418 179 181 0.7196678707834672 180 181 0.017504492852890432
-1 32 4 179 181 0.18150784403925152 180 181 0.28668865596075327 179 182 0.20616665596074774 180 182 0.3256368440392475
-1 33 4 180 182 0.5382423468557131 181 182 0.13532301678065403 180 183 0.26085210768974076 181 183 0.06558252867389205
-1 34 4 180 183 0.185028319484093 181 183 0.6939059077886366 180 184 0.025486089606815556 181 184 0.09557968312045481
-1 35 4 181 183 0.05243098919712715 182 183 0.03187210171196845 181 184 0.5695033744392396 182 184 0.34619353465166475
-1 36 4 181 184 0.009661810540258177 182 184 0.2800101440051963 181 185 0.02369250764155971 182 185 0.6866355378129858
-1 37 4 182 185 0.22018141987713313 183 185 0.2748593983046873 182 186 0.2245928528501394 183 186 0.28036632896804015
-1 38 4 183 186 0.5996867262986588 184 186 0.10072295551952756 183 187 0.2565075009740684 184 187 0.043082817207745226
-1 39 4 183 187 0.2423991843502861 184 187 0.6633793611042663 183 188 0.02521499746789931 184 188 0.06900645707754831
-1 40 4 184 187 0.07547288494110273 185 187 0.035674524149808526 184 188 0.6035612514225338 185 188 0.28529133948655494
-1 41 4 184 188 0.02863019170747983 185 188 0.2878860810197974 184 189 0.06182389920161135 185 189 0.6216598280711114
-1 42 4 185 189 0.2619206046494189 186 189 0.2599645317142243 185 190 0.23995344080512693 186 190 0.23816142283122987
