fracture_grid_00003
2D
806
42 43 1 18 21 1.0
38 63 2 2 33 0.07358867548307928 2 34 0.9264113245169208
21 41 2 3 5 0.11767325854606955 3 6 0.8823267414539304
30 53 2 3 21 0.24175476751857067 2 21 0.7582452324814293
40 64 2 3 36 0.8964038426329972 2 36 0.1035961573670028
34 52 2 6 22 0.1898699286613959 6 23 0.8101300713386042
35 54 2 6 25 0.47484034342893794 5 25 0.5251596565710621
39 58 2 6 30 0.30667425139347526 6 31 0.6933257486065247
44 64 2 6 38 0.423478574125526 6 39 0.576521425874474
21 36 2 7 2 0.23721579376166876 6 2 0.7627842062383312
31 47 2 7 17 0.8918648688760953 6 17 0.10813513112390469
45 65 2 7 40 0.12948941854342186 6 40 0.8705105814565781
26 37 2 10 6 0.47030136967206476 9 6 0.5296986303279352
30 41 2 10 11 0.3061511818397412 10 12 0.6938488181602588
35 47 2 10 19 0.4229555045717919 10 20 0.5770444954282081
40 53 2 10 27 0.5397598273038628 10 28 0.46024017269613715
45 59 2 10 35 0.6565641500359278 10 36 0.3434358499640721
36 48 2 11 21 0.1249504447864913 10 21 0.8750495552135087
26 30 2 14 0 0.4224324350180865 14 1 0.5775675649819134
31 36 2 14 8 0.5392367577501576 14 9 0.4607632422498425
36 42 2 14 16 0.6560410804821795 14 17 0.34395891951782054
41 48 2 14 24 0.7728454032142589 14 25 0.22715459678574115
41 49 2 14 25 0.3580360206968873 13 25 0.6419639793031127
46 54 2 14 32 0.8896497259463095 14 33 0.11035027405369048
27 31 2 15 2 0.12041147102956072 14 2 0.8795885289704393
51 60 2 15 40 0.012685095811342502 14 40 0.9873149041886575
46 50 2 17 29 0.5911215966072749 16 29 0.40887840339272513
32 31 2 18 5 0.7723223336605247 18 6 0.22767766633947523
32 32 2 18 6 0.3534970469399854 17 6 0.6465029530600146
37 37 2 18 13 0.8891266563925755 18 14 0.11087334360742454
16 39 4 0 1 0.519630344680328 1 1 0.3781903902537069 0 2 0.05913813822679332 1 2 0.04304112683917193
17 40 4 0 2 0.2137458878132501 1 2 0.26258812171116563 0 3 0.23498522006346767 1 3 0.2886807704121166
18 41 4 0 3 0.017479485711051207 1 3 0.03736779840382315 0 4 0.3012142471352547 1 4 0.6439384687498708
18 42 4 0 4 0.26915493697921916 1 4 0.009930296915654141 0 5 0.6952634710566761 1 5 0.025651295048450692
19 42 4 0 5 0.11948749618957706 1 5 0.5138730625156985 0 6 0.06916886162631701 1 6 0.29747057966840734
19 43 4 0 6 0.7155639294139051 1 6 0.14203457907136943 0 7 0.11881710359157821 1 7 0.02358438792314727
20 43 4 0 6 0.012419828586659978 1 6 0.19945400470902527 0 7 0.04619915419885091 1 7 0.7419270125054638
20 44 4 0 7 0.30717256857757075 1 7 0.1289392144981134 0 8 0.3971710893975293 1 8 0.16671712752678644
21 45 4 0 8 0.008399262506044768 1 8 0.006225795160011978 0 9 0.5659070204386436 1 9 0.41946792189529974
22 46 4 0 10 0.26351291911368957 1 10 0.3296254131427972 0 11 0.18075598880059524 1 11 0.22610567894291805
23 47 4 0 11 0.05393834754148014 1 11 0.1177132593054162 0 12 0.2602931853423928 1 12 0.5680552078107108
23 48 4 0 12 0.3800366375954661 1 12 0.015852919031457857 0 13 0.5799195704779961 1 13 0.02419087289507997
24 48 4 0 13 0.1381759885876113 1 13 0.6119888928497149 0 14 0.04601816926587845 1 14 0.20381694929679525
24 49 4 0 14 0.8086752605977547 1 14 0.16572757061957039 0 15 0.021243572445324207 1 15 0.0043535963373506
25 49 4 0 14 0.01780015151468381 1 14 0.3108780045130522 0 15 0.03635663130839409 1 15 0.63496521266387
25 50 4 0 15 0.3869757302914178 1 15 0.16594037551633734 0 16 0.3129057277212493 1 16 0.1341781664709955
26 51 4 0 16 0.07489425474989811 1 16 0.05653512564823801 0 17 0.4949498282323285 1 17 0.37362079136953535
27 52 4 0 18 0.31223754192510594 1 18 0.3977051130634315 0 19 0.12756916602674587 1 19 0.1624881789847168
28 53 4 0 19 0.08935480088291316 1 19 0.19910112869606256 0 20 0.2204145320385268 1 20 0.4911295383824975
28 54 4 0 20 0.489875929722691 1 20 0.02281794963627513 0 21 0.4656180783883381 1 21 0.021688042252695685
29 54 4 0 21 0.15582207249661348 1 21 0.7111471316727634 0 22 0.02390988539444331 1 22 0.10912091043617972
29 55 4 0 21 0.07528755021194364 1 21 0.015919603737460927 0 22 0.7501690828687023 1 22 0.15862376318189306
30 55 4 0 22 0.0221380659536937 1 22 0.423344412806093 0 23 0.027556516906951205 1 23 0.5269610043332622
30 56 4 0 23 0.4657364835161974 1 23 0.20398394502357967 0 24 0.22968277453400798 1 24 0.10059679692621487
31 57 4 0 24 0.14034683850474478 1 24 0.1078868646254707 0 25 0.42503504451507745 1 25 0.326731252354707
32 58 4 0 26 0.3599197562475084 1 26 0.46682722147307965 0 27 0.0754247517419104 1 27 0.09782827053750154
33 59 4 0 27 0.12372884573533201 1 27 0.2815314065757231 0 28 0.18157828722367494 1 28 0.41316146046526997
33 60 4 0 28 0.5986728133609375 1 28 0.030825388730108087 0 29 0.3523589947876587 1 29 0.018142803121295722
34 60 4 0 29 0.1724257479165785 1 29 0.8113477789848779 0 30 0.0028440100120166066 1 30 0.013382463086527047
34 61 4 0 29 0.1707762643801442 1 29 0.03723521230128234 0 30 0.6502181687380402 1 30 0.14177035458053336
35 61 4 0 30 0.02543357190367315 1 30 0.5368532295881558 0 31 0.019798810994510075 1 31 0.417914387513661
35 62 4 0 31 0.5434548282520189 1 31 0.24306992301983757 0 32 0.1475022298357535 1 32 0.06597301889238998
36 63 4 0 32 0.2047570137705413 1 32 0.16028101209169618 0 33 0.356162669286848 1 33 0.2787993048509146
37 64 4 0 34 0.40655956208090316 1 34 0.53699173837175 0 35 0.024322745946082712 1 35 0.032125953601264204
38 65 4 0 35 0.1570604820987405 1 35 0.365004092944357 0 36 0.14378445089786218 1 36 0.33415097405904043
38 66 4 0 36 0.7064272885101426 1 36 0.039875236312953706 0 37 0.24014231967602062 1 37 0.013555155500883102
39 66 4 0 36 0.017179456881384735 1 36 0.08339839275210795 0 37 0.15362810108477734 1 37 0.74579404928173
39 67 4 0 37 0.26522257005938055 1 37 0.05959322935412535 0 38 0.5513096630963708 1 38 0.12387453749012332
40 67 4 0 38 0.027686669364672508 1 38 0.6514044548592357 0 39 0.013083513571106412 1 39 0.3078253622049853
40 68 4 0 39 0.6201307644988324 1 39 0.28319830950507474 0 40 0.06636409362653571 1 40 0.030306832369557116
41 69 4 0 40 0.26812478054735606 1 40 0.21371756804696074 0 41 0.2883327025476002 1 41 0.22982494885808297
16 38 4 1 0 0.6284822466730752 2 0 0.04510053848093202 1 1 0.30456156104445686 2 1 0.02185565380153596
17 38 4 1 0 0.004381572495762331 2 0 0.023476537468655596 1 1 0.15290018500173988 2 1 0.8192417050338421
17 39 4 1 1 0.20243475762984328 2 1 0.049661302114573556 1 2 0.6005716750572768 2 2 0.14733226519830628
18 39 4 1 2 0.0165202139179288 2 2 0.589851170636919 1 3 0.010724168549190252 2 3 0.3829044468959619
18 40 4 1 3 0.5589743810082114 2 3 0.27163495332663534 1 4 0.11399467664852557 2 4 0.05539598901662767
19 41 4 1 4 0.22212562646426529 2 4 0.18699698246101984 1 5 0.3208060561620312 2 5 0.27007133491268376
20 42 4 1 6 0.40778923428105546 2 6 0.5798466492346022 1 7 0.005105073314837485 2 7 0.007259043169504826
21 43 4 1 7 0.16013921423641753 2 7 0.4060099438696701 1 8 0.12271771832906359 2 8 0.31113312356484885
21 44 4 1 8 0.7339389313897652 2 8 0.05644817649632139 1 9 0.19464267636533386 2 9 0.01497021574857958
22 44 4 1 8 0.022107248956625216 2 8 0.12255518373984339 1 9 0.1307123085784727 2 9 0.7246252587250587
22 45 4 1 9 0.29458327287652497 2 9 0.07431710959994256 1 10 0.5039609598481909 2 10 0.1271386576753416
23 45 4 1 10 0.01647552094636555 2 10 0.7067001863405329 1 11 0.006306661558320513 2 11 0.2705176311547809
23 46 4 1 11 0.6333525268224526 2 11 0.3140611302444736 1 12 0.03515433087182277 2 12 0.017432012061251095
24 47 4 1 12 0.28319560280851375 2 12 0.24273132884878496 1 13 0.2552738798553783 2 13 0.21879918848732297
25 48 4 1 13 0.042656733559436506 2 13 0.06178347268830055 1 14 0.3657753740740235 2 14 0.5297844196782394
26 49 4 1 15 0.19013065167825444 2 15 0.4928228291598839 1 16 0.08826408092479364 2 16 0.22878243823706804
26 50 4 1 16 0.8383532076174144 2 16 0.06883822300072277 1 17 0.08576620017525159 2 17 0.0070423692066111905
27 50 4 1 16 0.038790516928477625 2 16 0.22267623850007037 1 17 0.10956684064418733 2 17 0.6289664039272648
27 51 4 1 17 0.3856893796341943 2 17 0.10001532557435255 1 18 0.4083926531280599 2 18 0.10590264166339329
28 51 4 1 18 0.015388419485764785 2 18 0.8245916105332132 1 19 0.002931563056459594 2 19 0.1570884069245625
28 52 4 1 18 0.042643606415841924 2 18 0.021574373383134896 1 19 0.6214010513160003 2 19 0.3143809688850228
29 53 4 1 20 0.34322317066377206 2 20 0.299508083725606 1 21 0.19078411203768708 2 21 0.16648463357293486
30 54 4 1 21 0.0893761319446847 2 21 0.13186839703510303 1 22 0.3145937757263423 2 22 0.46416169529386997
31 55 4 1 23 0.21907968063110042 2 23 0.5806781229390885 1 24 0.054852852009543415 2 24 0.14538934442026757
31 56 4 1 23 0.02206786752581676 2 23 0.0019278858243711352 1 24 0.8975893403044163 2 24 0.07841490634539583
32 56 4 1 24 0.05443137641130086 2 24 0.3238397017492978 1 25 0.08946378119890239 2 25 0.5322651406404989
32 57 4 1 25 0.47575307790285337 2 25 0.12675595003776438 1 26 0.31386675489696775 2 26 0.08362421716241443
33 57 4 1 26 0.013258909536170182 2 26 0.9435254432148583 1 27 0.0005988730436212054 2 27 0.04261677420535019
33 58 4 1 26 0.11939913521449269 2 26 0.06162316731653481 1 27 0.5401833225549167 2 27 0.2787943749140559
34 59 4 1 28 0.40220833003001616 2 28 0.3573272470914413 1 29 0.12733675270901 2 29 0.11312767016953257
35 60 4 1 29 0.13505312184090928 2 29 0.20299572987092912 1 30 0.264454585867656 2 30 0.3974965624205055
36 61 4 1 31 0.24698630109488648 2 31 0.6695758252073531 1 32 0.02248403158329561 2 32 0.0609538421144647
36 62 4 1 31 0.12885952673789744 2 31 0.011940549344369831 1 32 0.7863354811299026 2 32 0.07286444278783012
37 62 4 1 32 0.06902982740511765 2 32 0.4260455734875317 1 33 0.0704031302426526 2 33 0.4345214688646981
37 63 4 1 33 0.56477436768246 2 33 0.15453898299017985 1 34 0.22038326515492818 2 34 0.06030338417243198
38 64 4 1 34 0.19511225552414743 2 34 0.10271436973894507 1 35 0.46000800228285754 2 35 0.2421653724540499
39 65 4 1 36 0.4601510809072235 2 36 0.41618881894627036 1 37 0.0649318018693697 2 37 0.05872829827713653
40 66 4 1 37 0.17968770324814498 2 37 0.27516547119575846 1 38 0.215357804498016 2 38 0.3297890210580805
41 67 4 1 38 0.0088423803539363 2 38 0.024524068680368404 1 39 0.2561657523618128 2 39 0.7104677986038824
41 68 4 1 39 0.2346087774609247 2 39 0.022995621353378876 1 40 0.6761240304444424 2 40 0.06627157074125407
42 68 4 1 40 0.08258586990992518 2 40 0.5292938537148094 1 41 0.052384887775412066 2 41 0.3357353885998533
17 37 4 2 0 0.4110975844277523 3 0 0.3925225757566667 2 1 0.10045949788015227 3 1 0.0959203419354287
18 38 4 2 1 0.14579143617624968 3 1 0.23634199859857902 2 2 0.23572827110128017 3 2 0.3821382941238912
19 39 4 2 3 0.24158567493669456 3 3 0.7190610344285641 2 4 0.009896657310423423 3 4 0.029456633324317937
19 40 4 2 3 0.16587981175267216 3 3 0.019004847392585386 2 4 0.731327195684035 3 4 0.08378814517070743
20 40 4 2 4 0.06547826118447052 3 4 0.47368172277118936 2 5 0.05596669603226425 3 5 0.4048733200120759
20 41 4 2 5 0.5856557122037328 3 5 0.17774222153195474 2 6 0.18151392020256257 3 6 0.05508814606174996
21 42 4 2 6 0.21784265998290397 3 6 0.1240685483431645 2 7 0.41928959739297955 3 7 0.23879919428095203
22 43 4 2 8 0.46674254487245964 3 8 0.4536819380440387 2 9 0.040352337473040595 3 9 0.03922317961046101
23 44 4 2 9 0.18812822715093896 3 9 0.3108095303559691 2 10 0.18892928016415783 3 10 0.3121329623289341
24 45 4 2 10 0.01913196419426495 3 10 0.058319067903044364 2 11 0.2278881680904487 3 11 0.694660799812242
24 46 4 2 11 0.2693312720431673 3 11 0.032357709834140894 2 12 0.6234135354311069 3 12 0.07489748269158492
25 46 4 2 12 0.07673651325671599 3 12 0.5792277934309945 2 13 0.0402462439975571 3 13 0.30378944931473234
25 47 4 2 13 0.6713368030617807 3 13 0.20886545340592877 2 14 0.09137062938208163 3 14 0.028427114150208904
26 48 4 2 14 0.29021558137099984 3 14 0.16849994968714804 2 15 0.34245447604245066 3 15 0.1988299928994015
27 49 4 2 15 0.018712414445033694 3 15 0.0185163912034867 2 16 0.48392026793803367 3 16 0.478850926413446
28 50 4 2 17 0.22942260963661099 3 17 0.3863194706023681 2 18 0.14317269771605284 3 18 0.24108522204496816
29 51 4 2 18 0.04711817720993494 3 18 0.14713717761942505 2 19 0.19543975511231704 3 19 0.610304890058323
29 52 4 2 19 0.37174032384467404 3 19 0.046752980764713556 2 20 0.5165422836671671 3 20 0.06496441172344525
30 52 4 2 20 0.08695235683996623 3 20 0.6858162725798238 2 21 0.025568200451873874 3 21 0.2016631701283362
31 54 4 2 22 0.36154609427007467 3 22 0.2139737595201154 2 23 0.26666176318097146 3 23 0.1578183830288384
32 55 4 2 23 0.07673475787412418 3 23 0.07729837050647557 2 24 0.4214357245465185 3 24 0.42453114707288164
33 56 4 2 25 0.2696745836332404 3 25 0.46287181933778937 2 26 0.09845852375696178 3 26 0.16899507327200855
34 57 4 2 26 0.07406198173660006 3 26 0.23699769582483932 2 27 0.16403375062321893 3 27 0.5249065718153417
34 58 4 2 27 0.4731069671571338 3 27 0.06219066018429607 2 28 0.4107134403922744 3 28 0.053988932266295704
35 58 4 2 28 0.09612579193419916 3 28 0.7934471602176414 2 29 0.011932565395207942 3 29 0.09849448245295143
35 59 4 2 28 0.08578872679192573 3 28 0.02802217513994249 2 29 0.6679943057270706 3 29 0.21819479234106115
36 60 4 2 30 0.4318341986801277 3 30 0.26048997784211303 2 31 0.1919114588084854 3 31 0.11576436466927383
37 61 4 2 31 0.13371469281417822 3 31 0.1371227582984722 2 32 0.3599935896440028 3 32 0.3691689592433467
38 62 4 2 33 0.30888414914089785 3 33 0.5404665765621824 2 34 0.05478675828689998 3 34 0.09586251601001965
39 63 4 2 34 0.09996337777424427 3 34 0.3279006225192458 2 35 0.13367015462314172 3 35 0.4384658450833683
39 64 4 2 35 0.5734312019805996 3 35 0.0786707480928952 2 36 0.3059270056063756 3 36 0.04197104432012956
40 65 4 2 36 0.1728047921453651 3 36 0.05781043251852509 2 37 0.5765160404111983 3 37 0.19286873492491158
41 66 4 2 38 0.5010798946011525 3 38 0.3080486046531532 2 39 0.1182035629249989 3 39 0.07266793782069529
42 67 4 2 39 0.1896522192652368 3 39 0.19798955457949302 2 40 0.2995938632305113 3 40 0.31276436292475895
18 36 4 3 0 0.08409486741762959 4 0 0.84956266779723 3 1 0.005975489480713345 4 1 0.06036697530442707
18 37 4 3 0 0.1161787134483315 4 0 0.04171677154652697 3 1 0.6196163186396006 4 1 0.22248819636554085
19 38 4 3 2 0.44608524484298434 4 2 0.29032351474224677 3 3 0.15967241221453599 4 3 0.10391882820023295
20 39 4 3 3 0.1498147989146118 4 3 0.16510723526105758 3 4 0.32590548311253376 4 4 0.3591724827117969
21 40 4 3 5 0.30884531474777965 4 5 0.584589994018291 3 6 0.03683759224895404 4 6 0.06972709898497531
22 41 4 3 6 0.10177360331866017 4 6 0.3701749800378202 3 7 0.11387192864766164 4 7 0.41417948799585813
22 42 4 3 7 0.5996743382669174 4 7 0.09651219486955342 3 8 0.26169586888899365 4 8 0.042117597974535535
23 42 4 3 7 0.004319946654396689 4 7 0.04614191129251358 3 8 0.08128821028151326 4 8 0.8682499317715765
23 43 4 3 8 0.20089698836925055 4 8 0.0738028193576586 3 9 0.5304358437562486 4 9 0.19486434851684223
24 44 4 3 10 0.51303315033152 4 10 0.3401799319857904 3 11 0.088262306763596 4 11 0.058524610919093584
25 45 4 3 11 0.2034545349331042 4 11 0.2282718219745872 3 12 0.2678035471316083 4 12 0.30047009596070023
26 46 4 3 12 0.0034939742995593642 4 12 0.006745657198561973 3 13 0.3377267327347126 4 13 0.652033635767166
26 47 4 3 13 0.23141656607746086 4 13 0.0030610152006593718 3 14 0.7555288161464003 4 14 0.0099936025754794
27 47 4 3 14 0.12433480043474683 4 14 0.4644181056537757 3 15 0.08684853156914198 4 15 0.32439856234233544
27 48 4 3 15 0.6966583741688395 4 15 0.11633248169971068 3 16 0.16024963302463857 4 16 0.02675951110681124
28 48 4 3 15 0.013572974300492787 4 15 0.15369320637846814 3 16 0.06757298267298417 4 16 0.7651608366480549
28 49 4 3 16 0.2845728548011557 4 16 0.10693127565780416 3 17 0.44229777736191056 4 17 0.16619809217912965
29 50 4 3 18 0.5789386473310205 4 18 0.3910787577183694 3 19 0.01789460980166263 4 19 0.012087985148947584
30 51 4 3 19 0.2560518624625901 4 19 0.29247881717717233 3 20 0.2107440196396608 4 20 0.24072530072057682
31 52 4 3 20 0.042783132359069075 4 20 0.08426082187113162 3 21 0.2939753747127986 4 21 0.5789806710570007
31 53 4 3 21 0.3451285629228045 4 21 0.00615334108739505 3 22 0.6373546193386525 4 22 0.011363476651148025
32 53 4 3 22 0.14585358906182733 4 22 0.5597036397587747 3 23 0.0608675429796285 4 23 0.23357522819976953
32 54 4 3 23 0.7926000015816984 4 23 0.1371951770188737 3 24 0.05984580564934659 4 24 0.010359015750081225
33 54 4 3 23 0.02178359345757495 4 23 0.26228690995343673 3 24 0.054900163553469015 4 24 0.6610293330355195
33 55 4 3 24 0.3672063127440615 4 24 0.14110214044696928 3 25 0.3552021194565717 4 25 0.1364894273523975
34 56 4 3 25 0.05143067867122007 4 25 0.03539104911019171 3 26 0.5409403784990012 4 26 0.37223789371958693
35 57 4 3 27 0.307606781503078 4 27 0.3577282208687637 3 28 0.15472690063673983 4 28 0.17993809699141844
36 58 4 3 28 0.08102988192955478 4 28 0.16281839503269663 3 29 0.2512664251798799 4 29 0.5048852978578686
36 59 4 3 29 0.4577981512790993 4 29 0.010288075463151016 3 30 0.5202228310199246 4 30 0.011690942237825052
37 59 4 3 30 0.1663299691998878 4 30 0.6560315823527649 3 31 0.035928962879135024 4 31 0.14170948556821233
37 60 4 3 30 0.03951561323698035 4 30 0.0070838880956711914 3 31 0.8084679940316317 4 31 0.14493250463571672
38 60 4 3 31 0.02895180412564525 4 31 0.37192302201744576 3 32 0.04326975292296572 4 32 0.5558554209339432
38 61 4 3 32 0.44879736219793864 4 32 0.1763154137251428 3 33 0.2691488700402615 4 33 0.10573835403665698
39 62 4 3 33 0.11971355865512197 4 33 0.08391249185836919 3 34 0.46819529855266645 4 34 0.32817865093384246
40 63 4 3 35 0.35811929205456117 4 35 0.4240200330493312 3 36 0.09975219012285241 4 36 0.11810848477325517
41 64 4 3 36 0.11823422301102184 4 36 0.24241837668326588 3 37 0.20959988413597988 4 37 0.4297475161697324
41 65 4 3 37 0.5694253311463552 4 37 0.015465218327937477 3 38 0.40413345119020716 4 38 0.010975999335500274
42 65 4 3 38 0.18576394084891307 4 38 0.753401933435819 3 39 0.012032791267648066 4 39 0.04880133444761992
42 66 4 3 38 0.13783462363428842 4 38 0.02556920043044249 3 39 0.705686783671862 4 39 0.13090939226340714
43 66 4 3 39 0.03507760630469885 4 39 0.48260154257043447 3 40 0.03268175078147913 4 40 0.4496391003433876
43 67 4 3 40 0.5293460031628019 4 40 0.21257109549233028 3 41 0.1841380291129653 4 41 0.0739448722319025
19 36 4 4 0 0.09049968967159473 5 0 0.1974331703536756 4 1 0.22380861700674706 5 1 0.4882585229679825
19 37 4 4 1 0.49170086976305755 5 1 0.020469940042203285 4 2 0.4683321121048735 5 2 0.01949707808986564
20 37 4 4 2 0.15966083644839713 5 2 0.7067852981672458 4 3 0.02461009519956154 5 3 0.10894377018479555
20 38 4 4 2 0.07526739165846813 5 2 0.015416692737173679 4 3 0.7547282151790798 5 3 0.15458770042527845
21 38 4 4 3 0.024131731311686624 5 3 0.420827677894366 4 4 0.03010182530586017 5 4 0.5249387654880873
21 39 4 4 4 0.46841020012589607 5 4 0.20078715886017573 4 5 0.23154803168124 5 5 0.09925460933268826
22 40 4 4 5 0.14117545652060423 5 5 0.1065351770558485 4 6 0.42874540025614866 5 6 0.3235439661673986
23 41 4 4 7 0.3634422494265133 5 7 0.4627816587403981 4 8 0.0764412323198074 5 8 0.09733485951328126
24 42 4 4 8 0.12540624032052392 5 8 0.2793309424367684 4 9 0.18443986639541363 5 9 0.4108229508472941
24 43 4 4 9 0.6010302591978112 5 9 0.027944873339500423 4 10 0.3545405227077157 5 10 0.01648434475497281
25 43 4 4 10 0.176797017664907 5 10 0.8064534396828152 4 11 0.003011714020618672 5 11 0.013737828631659045
25 44 4 4 10 0.17128861162323855 5 10 0.03619979550448264 4 11 0.6542447952518763 5 11 0.13826679762040245
26 44 4 4 11 0.027959743058200086 5 11 0.5338039888799234 4 12 0.02181161359691371 5 12 0.4164246544649628
26 45 4 4 12 0.5466610506581974 5 12 0.23934063105989625 4 13 0.14883498118650554 5 13 0.06516333709540068
27 46 4 4 13 0.2061181375829426 5 13 0.1583968187255895 4 14 0.3593405192313486 5 14 0.2761445244601193
28 47 4 4 15 0.4106145610564181 5 15 0.5324136698425439 4 16 0.024806720727469634 5 16 0.03216504837356832
29 48 4 4 16 0.1592703824804461 5 16 0.36227112300891723 4 17 0.14611352427305843 5 17 0.3323449702375783
29 49 4 4 17 0.709317240143536 5 17 0.03646221512582618 4 18 0.24179134179955777 5 18 0.012429202931080043
30 49 4 4 17 0.01754425866930497 5 17 0.082510521410468 4 18 0.1578022730537877 5 18 0.7421429468664393
30 50 4 4 18 0.26626742309897117 5 18 0.058025306760800664 4 19 0.5548037838137106 5 19 0.12090348632651743
31 50 4 4 19 0.03074534631571799 5 19 0.6478227083544562 4 20 0.01456381037699151 5 20 0.30686813495283427
31 51 4 4 20 0.6238694927015248 5 20 0.27893651174864825 4 21 0.06716433918074517 5 21 0.03002965636908171
32 52 4 4 21 0.27001841015627387 5 21 0.21130086888433758 4 22 0.2909780466955843 5 22 0.22770267426380425
33 53 4 4 22 0.02578538237585419 5 22 0.034047171255158534 4 23 0.4051736994456005 5 23 0.5349937469233867
34 54 4 4 24 0.19209211615134808 5 24 0.446253712070066 4 25 0.10882959063972349 5 25 0.2528245811388625
34 55 4 4 25 0.8165618126002742 5 25 0.04602196540116741 4 26 0.13008456938038662 5 26 0.0073316526181718055
35 55 4 4 25 0.037057822870214675 5 25 0.17980127994160897 4 26 0.133826508890445 5 26 0.6493143882977314
35 56 4 4 26 0.36020382608567725 5 26 0.08089322650614526 4 27 0.45640518086454296 5 27 0.1024977665436345
36 56 4 4 27 0.03248854108418302 5 27 0.7628838363180418 4 28 0.0083584156460648 5 28 0.1962692069517103
36 57 4 4 27 0.01346389433600103 5 27 0.006146432846251457 4 28 0.673107737583836 5 28 0.30728193523391145
37 58 4 4 29 0.33287627424057026 5 29 0.26524732753208335 4 30 0.22365798264885486 5 30 0.1782184155784914
38 59 4 4 30 0.07533507699016916 5 30 0.10130179937289426 4 31 0.35116180486888127 5 31 0.47220131876805527
39 60 4 4 32 0.22387144133322295 5 32 0.5312787096202705 4 33 0.07258806549538693 5 33 0.1722617835511197
39 61 4 4 33 0.922763976567916 5 33 0.056624124165547615 4 34 0.01942020545028315 5 34 0.001191693816253286
40 61 4 4 33 0.05552897858211045 5 33 0.2781344469617639 4 34 0.11089315321611622 5 34 0.5554434212400094
40 62 4 4 34 0.4530978205834112 5 34 0.10480355474048232 4 35 0.35904898640440475 5 35 0.08304963827170177
41 62 4 4 35 0.03318932736365462 5 35 0.8789873727706496 4 36 0.003195429404160203 5 36 0.08462787046153553
41 63 4 4 35 0.0930497193637037 5 35 0.04336493055058514 4 36 0.5890597125937003 5 36 0.2745256374920108
42 64 4 4 37 0.3946917298358654 5 37 0.3202361946688533 4 38 0.1573803270911267 5 38 0.1276917484041545
43 65 4 4 38 0.12384236311547452 5 38 0.16959883597965394 4 39 0.2981923187811429 5 39 0.40836648212372867
44 66 4 4 40 0.25460835802608933 5 40 0.6173461156594403 4 41 0.03738894884008751 5 41 0.0906565774743828
44 67 4 4 40 0.0902017499908565 5 40 0.005990673474686428 4 41 0.8475202320649096 5 41 0.056287344469547466
20 36 4 5 1 0.34585881381017064 6 1 0.29634937102550196 5 2 0.1926874426481903 6 2 0.165104372516137
21 37 4 5 2 0.09016667649727717 6 2 0.1305547829287765 5 3 0.3183422049306517 6 3 0.4609363356432946
22 38 4 5 4 0.22256410034680396 6 4 0.576670633669651 5 5 0.05590740605074174 6 5 0.14485785993280334
22 39 4 5 4 0.021693364736312032 6 4 0.0017793190601704879 5 5 0.9025028168508517 6 5 0.0740244993526659
23 39 4 5 5 0.0560706975332288 6 5 0.3216773110736645 5 6 0.09236343383390502 6 6 0.5298885575592017
23 40 4 5 6 0.4780724502764501 6 6 0.12391350811043375 5 7 0.3160863562803017 6 7 0.08192768533281451
24 40 4 5 7 0.01759210582124914 6 7 0.9386691773760454 5 8 0.0008046505155015139 6 8 0.04293406628720395
24 41 4 5 7 0.11987340899430551 6 7 0.060625823983016615 5 8 0.5442480225320345 6 8 0.2752527444906435
25 42 4 5 9 0.40537647897290063 6 9 0.35363602859479404 5 10 0.1287075775230274 6 10 0.11227991490927793
26 43 4 5 10 0.13637617219003953 6 10 0.2011496099680935 5 11 0.2676705092754564 6 11 0.3948037085664106
27 44 4 5 12 0.25100322660713287 6 12 0.6650358301413728 5 13 0.023006079827979833 6 13 0.06095486342351456
27 45 4 5 12 0.1290175297448598 6 12 0.011259476783644726 5 13 0.7907164518798708 6 13 0.06900654159162466
28 45 4 5 13 0.07120165432356532 6 13 0.42335067701537865 5 14 0.07277027708113551 6 14 0.4326773915799206
28 46 4 5 14 0.567626245852601 6 14 0.15116403526636213 5 15 0.22207036074168907 6 15 0.059139358139347786
29 46 4 5 14 0.0010181368048444433 6 14 0.07204746912452946 5 15 0.012916419569444528 6 15 0.9140179745011815
29 47 4 5 15 0.19611903510044315 6 15 0.101184520608901 5 16 0.4635401964634637 6 16 0.2391562478271921
30 48 4 5 17 0.46385173564664733 6 17 0.41196509465312675 5 18 0.06577012088684772 6 18 0.05841304881337821
31 49 4 5 18 0.1815432593937778 6 18 0.2727868454963772 5 19 0.21804122210931376 6 19 0.3276286730005312
32 50 4 5 19 0.008852837905775865 6 19 0.023990541574809114 5 20 0.2606942685669038 6 20 0.7064623519525111
32 51 4 5 20 0.235299286264439 6 20 0.021782042996144876 5 21 0.67997249539783 6 21 0.06294617534158618
33 51 4 5 21 0.0852902026248732 6 21 0.5260664514461417 5 22 0.05421952881736596 6 22 0.33442381711161917
33 52 4 5 22 0.6561376329397325 6 22 0.1794569709112813 5 23 0.12909677369212455 6 23 0.03530862245686161
34 53 4 5 23 0.2713222527176047 6 23 0.14278562572381884 5 24 0.3838747788838692 6 24 0.20201734267470725
36 55 4 5 26 0.22566793810851207 6 26 0.34546648951371395 5 27 0.16945434343214652 6 27 0.2594112289456275
37 56 4 5 27 0.03966934715050547 6 27 0.10997835506213018 5 28 0.22541555935971255 6 28 0.6249367384276517
37 57 4 5 28 0.3405386342950081 6 28 0.033347017697655204 5 29 0.570270947404828 6 29 0.05584340060250886
38 57 4 5 29 0.09833634243720317 6 29 0.6298246343658912 5 30 0.03671118904263168 6 30 0.23512783415427405
38 58 4 5 30 0.7436066115378774 6 30 0.20879231504518708 5 31 0.03716559513157536 6 31 0.01043547828536014
39 59 4 5 31 0.3454830618457278 6 31 0.18542913932773789 5 32 0.30525176979331303 6 32 0.1638360290332212
40 60 4 5 32 0.05697756691844225 6 32 0.052447908845433176 5 33 0.4637198896902155 6 33 0.4268546345459091
41 61 4 5 34 0.2687502083342102 6 34 0.41918854202008093 5 35 0.12190987324398675 6 35 0.19015137640172225
42 62 4 5 35 0.06944344790623329 6 35 0.19700857703849606 5 36 0.19117925864155175 6 36 0.5423687164137189
42 63 4 5 36 0.4447355738365369 6 36 0.04595440088817702 5 37 0.461611807900866 6 37 0.04769821737442001
43 63 4 5 37 0.11034007376049393 6 37 0.7346252257746223 5 38 0.020245257756907938 6 38 0.13478944270797577
43 64 4 5 37 0.05372317493997576 6 37 0.015480074375153762 5 38 0.722586831767044 6 38 0.20820991891782645
44 65 4 5 39 0.41860146248485186 6 39 0.2291150614206789 5 40 0.22767116919175598 6 40 0.12461230690271319
45 66 4 5 40 0.11678779808756903 6 40 0.1094420004083714 5 41 0.399447458558627 6 41 0.3743227429454325
20 35 4 6 0 0.37317284618566876 7 0 0.04479738886998472 6 1 0.5196487350831029 7 1 0.0623810298612435
21 35 4 6 1 0.09039870309241586 7 1 0.6818468567736401 6 2 0.026660827956354813 7 2 0.2010936121775893
22 37 4 6 3 0.36382739318037777 7 3 0.21116939105607826 6 4 0.2689194380275703 7 4 0.15608377773597368
23 38 4 6 4 0.07717095819064967 7 4 0.07633910063624472 6 5 0.4255384979868866 7 5 0.4209514431862191
24 39 4 6 6 0.272804659112906 7 6 0.4592186743043896 6 7 0.09986742203425543 7 7 0.16810924454844894
25 40 4 6 7 0.07534695862244184 7 7 0.2351896493852635 6 8 0.16728774749430772 7 8 0.5221756444979869
25 41 4 6 8 0.47507199529465854 7 8 0.059702562493065985 6 9 0.4132873860116516 7 9 0.05193805620062392
26 41 4 6 9 0.10010464398314314 7 9 0.7889452386149635 6 10 0.012492687103165848 7 10 0.09845743029872758
26 42 4 6 9 0.0859086563356126 7 9 0.02737917604249286 6 10 0.6724133499402856 7 10 0.21429881768160888
27 43 4 6 11 0.4346480033869654 7 11 0.25715310358157006 6 12 0.19363662785854965 7 12 0.11456226517291493
28 44 4 6 12 0.13468339892722914 7 12 0.13563098263171589 6 13 0.3635638572878825 7 13 0.3661217611531724
29 45 4 6 14 0.3125467304170623 7 14 0.536280925732284 6 15 0.0556631507676661 7 15 0.09550919308298758
30 46 4 6 15 0.10178086045659364 7 15 0.32556007028316236 6 16 0.13639164569769424 7 16 0.43626742356254977
30 47 4 6 16 0.5759287359146027 7 16 0.07565014460514369 6 17 0.3079684454292743 7 17 0.0404526740509792
31 48 4 6 17 0.17345722748561834 7 17 0.05663492762456649 6 18 0.5804025788278755 7 18 0.18950526606193957
32 49 4 6 19 0.504426205104503 7 19 0.3041792245960544 6 20 0.11939622617857903 7 20 0.07199834412086355
33 50 4 6 20 0.19115343117480754 7 20 0.19596527311621684 6 21 0.30263162507787106 7 21 0.3102496706311045
34 51 4 6 22 0.3512463932321875 7 22 0.6143855856492383 6 23 0.0125012879900793 7 23 0.02186673312849501
35 52 4 6 23 0.12717235380173847 7 23 0.41697289967005985 6 24 0.10653795239011642 7 24 0.3493167941380853
35 53 4 6 24 0.6757430680455839 7 24 0.092640135206242 6 25 0.20369191333586026 7 25 0.02792488341231389
36 53 4 6 24 0.012716369136163702 7 24 0.10994215892607291 6 25 0.090956562025308 7 25 0.7863849099124554
36 54 4 6 25 0.25996339014656367 7 25 0.08693308769564317 6 26 0.4894342162044974 7 26 0.16366930595329587
37 55 4 6 27 0.5731619983330625 7 27 0.3522477540995743 6 28 0.046198232987586574 7 28 0.028392014579776664
38 56 4 6 28 0.24658105493335364 7 28 0.25734197208971304 6 29 0.242741801356892 7 29 0.2533351716200413
39 57 4 6 29 0.029618166298478667 7 29 0.052818135314997704 6 30 0.32966731496135504 7 30 0.5878963834251686
40 58 4 6 31 0.15152143865789688 7 31 0.5094281375459807 6 32 0.0777266675715537 7 32 0.26132375622456866
40 59 4 6 32 0.774514991687551 7 32 0.11067253429632551 6 33 0.10045778973148879 7 33 0.014354684284634682
41 59 4 6 32 0.023757284522304703 7 32 0.21570556627195392 6 33 0.075453446676734 7 33 0.6850837025290074
41 60 4 6 33 0.34542714431853805 7 33 0.11827365625574819 6 34 0.39950826207008994 7 34 0.13679093735562387
42 61 4 6 34 0.025957351714399318 7 34 0.016256723450331155 6 35 0.5889406796437879 7 35 0.36884524519148143
43 62 4 6 36 0.3009662702028969 7 36 0.3197610795522349 6 37 0.18389438612491577 7 37 0.19537826411995252
44 63 4 6 37 0.0706952120980227 7 37 0.12854541224750435 6 38 0.28412806919937805 7 38 0.5166313064550948
45 64 4 6 39 0.17482811502501905 7 39 0.6029257839109092 6 40 0.049957791241998534 7 40 0.17228830982207316
46 65 4 6 40 0.03375579141942724 7 40 0.3225113821069107 6 41 0.06099273981714979 7 41 0.5827400866565122
21 34 4 7 0 0.25829508790964617 8 0 0.28971252217641075 7 1 0.21303976794953527 8 1 0.23895262196440775
22 35 4 7 1 0.04318125921229918 8 1 0.08333962546413877 7 2 0.29811622161649903 8 2 0.575362893707063
22 36 4 7 2 0.34620674102770727 8 2 0.004552093428758318 7 3 0.6408154149906515 8 3 0.008425750552882865
23 36 4 7 3 0.14894559107818076 8 3 0.5560885681887159 7 4 0.062314514720176954 8 4 0.23265132601292643
23 37 4 7 4 0.7963720548497613 8 4 0.13290005419713422 7 5 0.06061272613818566 8 5 0.010115164814918847
24 37 4 7 4 0.023030496880142054 8 4 0.2605169369771642 7 5 0.058192233887832484 8 5 0.6582603322548612
24 38 4 7 5 0.3691332674182992 8 5 0.1386521162189975 7 6 0.3578141385392646 8 6 0.1344004778234387
25 39 4 7 6 0.051512534751671946 8 6 0.034786123476034464 7 7 0.54539749617548 8 7 0.3683038455968136
26 40 4 7 8 0.31038251274664064 8 8 0.35442942007146705 7 9 0.1564901431501078 8 9 0.1786979240317845
27 41 4 7 9 0.08196051457930753 8 9 0.16136469282920976 7 10 0.25487476628702904 8 10 0.5018000263044536
27 42 4 7 10 0.45940883518051845 8 10 0.008154322007997785 7 11 0.5231511208754075 8 11 0.009285721936076394
28 42 4 7 11 0.16995447701275762 8 11 0.6518840049861897 7 12 0.03684342882316711 8 12 0.14131808917788563
28 43 4 7 11 0.039281198544633196 8 11 0.006795233234312967 7 12 0.8132413824808807 8 12 0.14068218574017308
29 43 4 7 12 0.030731213344730005 8 12 0.36962054324462695 7 13 0.04602931746081154 8 13 0.5536189259498315
29 44 4 7 13 0.4512568226686962 8 13 0.1733328837006512 7 14 0.27122838332643456 8 14 0.10418191030421803
30 45 4 7 14 0.12032792053207671 8 14 0.0827750604276804 7 15 0.4721199104326423 8 15 0.3247771086076007
31 46 4 7 16 0.36142752909462117 8 16 0.42018872645553723 7 17 0.10098292683969431 8 17 0.11740081761014735
32 47 4 7 17 0.11969736145729579 8 17 0.2404321686832722 7 18 0.2126757194466078 8 18 0.4271947504128242
32 48 4 7 18 0.5715685208443355 8 18 0.01279895907625163 7 19 0.4065292352491573 8 19 0.009103284830255538
33 48 4 7 19 0.18992095445832052 8 19 0.7487218502726775 7 20 0.012414751415171198 8 20 0.048942443853830855
33 49 4 7 19 0.1381327147384381 8 19 0.024748039772558718 7 20 0.7099276663246428 8 20 0.12719157916436033
34 49 4 7 20 0.037389521320303404 8 20 0.47976655800109574 7 21 0.03490880952280514 8 21 0.44793511115579565
34 50 4 7 21 0.5323379694300998 8 21 0.20905605967132687 7 22 0.1856850366025979 8 22 0.0729209342959753
35 51 4 7 22 0.18810089782345835 8 22 0.13180640586834944 7 23 0.39988473317879897 8 23 0.28020796312939333
36 52 4 7 24 0.41143013695358777 8 24 0.48699044132862124 7 25 0.046518119018294744 8 25 0.05506130269949624
37 53 4 7 25 0.1563917998462701 8 25 0.3205420530263486 7 26 0.17151908109520048 8 26 0.35154706603218083
37 54 4 7 26 0.6826857980190909 8 26 0.018486004633518308 7 27 0.29094975811196894 8 27 0.007878439235421858
38 54 4 7 26 0.010971517503812372 8 26 0.04447560995923626 7 27 0.18690198840727507 8 27 0.7576508841296763
38 55 4 7 27 0.23594182244326137 8 27 0.04374325479981487 7 28 0.6076563586574153 8 28 0.11265856409950847
39 55 4 7 28 0.043005420806865466 8 28 0.5909549812466132 7 29 0.024830710073810085 8 29 0.3412088878727113
39 56 4 7 29 0.6123767077024442 8 29 0.24582164413103322 7 30 0.10118409836779182 8 30 0.040617549798730695
40 57 4 7 30 0.2548314666258611 8 30 0.181880159798026 7 31 0.32869196441399184 8 31 0.23459640916212107
41 58 4 7 31 0.00690428031410391 8 31 0.008320620700184482 7 32 0.4465817756953456 8 32 0.5381933232903661
42 59 4 7 33 0.19204382974624634 8 33 0.40169434585847197 7 34 0.13140485123279128 8 34 0.27485697316249047
42 60 4 7 34 0.792760666704916 8 34 0.02521545867980131 7 35 0.17641268946371094 8 35 0.005611185151571847
43 60 4 7 34 0.03331537793378437 8 34 0.13893607226134363 7 35 0.16009592801484138 8 35 0.6676526217900306
43 61 4 7 35 0.33270852165903025 8 35 0.06378087831609663 7 36 0.5064274594791848 8 36 0.0970831405456884
44 61 4 7 36 0.04757891180438998 8 36 0.7031858129811392 7 37 0.01579501911382389 8 37 0.23344025610064686
44 62 4 7 37 0.6913730374857959 8 37 0.28362963707973216 7 38 0.017725568622007117 8 38 0.007271756812464726
45 63 4 7 38 0.32051962693921904 8 38 0.23299632221671035 7 39 0.2585416041382009 8 39 0.18794244670586974
46 64 4 7 39 0.059284271157469044 8 39 0.07274495258885567 7 40 0.38973958488954746 8 40 0.4782311913641278
22 33 4 8 0 0.03379927486876967 9 0 0.6442457102476705 8 1 0.01604885558081303 9 1 0.3059061593027468
22 34 4 8 1 0.6276034725063082 9 1 0.2746794623901595 8 2 0.06796933313289234 9 2 0.029747731970639905
23 35 4 8 2 0.2719072913672346 9 2 0.2088889181196428 8 3 0.2936281392415541 9 3 0.22557565127156845
24 36 4 8 3 0.025829164993022853 9 3 0.0334803190842845 8 4 0.40966889058533373 9 4 0.5310216253373589
25 37 4 8 5 0.19482977393160578 9 5 0.44299298473610277 8 6 0.11063090661633895 9 6 0.25154633471595245
25 38 4 8 6 0.8199795216321807 9 6 0.04208118681549814 8 7 0.131205834105382 9 7 0.006733457446939184
26 38 4 8 6 0.037950382056685 9 6 0.17838565120140457 8 7 0.13747292346084788 9 7 0.6461910432810625
26 39 4 8 7 0.36177643652385644 9 7 0.07879754651426074 8 8 0.4593715441832943 9 8 0.10005447277858844
27 39 4 8 8 0.036074975433771965 9 8 0.7587743324147476 8 9 0.00931095505337774 9 9 0.19583973709810273
27 40 4 8 8 0.013191406180334047 9 8 0.005895851448155692 8 9 0.6779191994964336 9 9 0.3029935428750767
28 41 4 8 10 0.3352976612480498 9 10 0.26230287097089855 8 11 0.22577556939827725 9 11 0.17662389838277437
29 42 4 8 11 0.07591136540383675 9 11 0.10020244140549259 8 12 0.35512449021208686 9 12 0.4687617029785838
30 43 4 8 13 0.22714160491000687 9 13 0.5274854764897525 8 14 0.07385687567550492 9 14 0.17151604292473582
30 44 4 8 14 0.9267141913964214 9 14 0.05215083978333681 8 15 0.020008964378708298 9 15 0.0011260044415335143
31 44 4 8 14 0.056954043565108387 9 14 0.2761863124250606 8 15 0.11400706199002021 9 15 0.5528525820198109
31 45 4 8 15 0.4552029368180867 9 15 0.10217536895207273 8 16 0.3614828439266598 9 16 0.08113885030318076
32 45 4 8 16 0.03730826750975772 9 16 0.8743453630707837 8 17 0.003615463014958992 9 17 0.08473090640449948
32 46 4 8 16 0.09330973700458227 9 16 0.04258184335598684 8 17 0.5933386687097236 9 17 0.2707697509297072
33 47 4 8 18 0.3976456226398534 9 18 0.3167592323111456 8 19 0.15896540804404066 9 19 0.1266297370049603
34 48 4 8 19 0.12495115732566145 9 19 0.16796697221574725 8 20 0.30162249832782917 9 20 0.40545937213076205
35 49 4 8 21 0.2584110273993939 9 21 0.613020376732416 8 22 0.0381252532236848 9 22 0.09044334264450524
35 50 4 8 21 0.0901454968589512 9 21 0.005523857052886347 8 22 0.8521154589537455 9 22 0.05221518713441697
36 50 4 8 22 0.07491529658450659 9 22 0.37502938213771303 8 23 0.09158360900818899 9 23 0.4584717122695914
36 51 4 8 23 0.547587028623278 9 23 0.12659559987893215 8 24 0.26463655215900683 9 24 0.06118081933878304
37 51 4 8 23 0.0010376205344473533 9 23 0.027420332778173538 8 24 0.035423910027807676 9 24 0.9361181366595714
37 52 4 8 24 0.17238565933979727 9 24 0.08031024375282252 8 25 0.5098005464120756 9 25 0.23750355049530453
38 53 4 8 26 0.45895117554266696 9 26 0.37225800214038274 8 27 0.09319765517882284 9 27 0.07559316713812744
39 54 4 8 27 0.17294854075845983 9 27 0.23677391151499955 8 28 0.2491629149325978 9 28 0.3411146327939428
40 55 4 8 29 0.28863804139980387 9 29 0.6995976854640854 8 30 0.0034360392608705917 9 30 0.00832823387524007
40 56 4 8 29 0.19925754960754272 9 29 0.013216127036316833 8 30 0.738541206242721 9 30 0.04898511711341948
41 56 4 8 30 0.09183414111487323 9 30 0.4749148603393887 8 31 0.07020256451536067 9 31 0.36304843403037745
41 57 4 8 31 0.6389287119394945 9 31 0.152058239294795 8 32 0.16883266888035733 9 32 0.04018037988535316
42 57 4 8 31 0.004648295594837891 9 31 0.14061398044989104 8 32 0.027351035004984148 9 32 0.8273866889502869
42 58 4 8 32 0.2504191731860178 9 32 0.11908105263868136 8 33 0.4273048326034223 9 33 0.20319494157187867
43 59 4 8 34 0.5192143199564538 9 34 0.4287991804586609 8 35 0.0284723108026029 9 35 0.02351418878228234
44 60 4 8 35 0.21990351570223765 9 35 0.30662325930329265 8 36 0.1977457400263583 9 36 0.27572748496811134
45 61 4 8 36 0.03021076621291773 9 36 0.07482928338300796 8 37 0.257401114485295 9 37 0.6375588359187793
45 62 4 8 37 0.3073271938671741 9 37 0.021950805508764826 8 38 0.6260093620206566 9 38 0.04471263860340448
46 62 4 8 38 0.10771057715624478 9 38 0.5758427470300965 8 39 0.04986392851155612 9 39 0.26658274730210263
46 63 4 8 39 0.7292279867666622 9 39 0.1785632871996636 8 40 0.0740711940907566 9 40 0.01813753194291756
47 63 4 8 39 0.00721656216621082 9 39 0.2548500366105114 8 40 0.020320568471178226 9 40 0.7176128327520995
47 64 4 8 40 0.32741027854319515 9 40 0.15889427001354037 8 41 0.3458515272838119 9 41 0.1678439241594527
23 33 4 9 0 0.008858547059663666 10 0 0.023461762867215942 9 1 0.26522753316991793 10 1 0.7024521569032025
23 34 4 9 1 0.23598504667001172 10 1 0.02057321303686677 9 2 0.683825708749159 10 2 0.059616031543962396
24 34 4 9 2 0.08798978694189945 10 2 0.5228437975753815 9 3 0.05605891825729898 10 3 0.33310749722542016
24 35 4 9 3 0.6595172685084141 10 3 0.17555426578886568 9 4 0.1302561118803736 10 4 0.034672353822346645
25 35 4 9 3 0.002653001359380562 10 3 0.18669385774830996 9 4 0.011358328809405994 10 4 0.7992948120829034
25 36 4 9 4 0.27285678969247856 10 4 0.14072801919523956 9 5 0.3868792156658685 10 5 0.19953597544641336
27 38 4 9 7 0.22805125165269924 10 7 0.3425601064157927 9 8 0.17161000364486123 10 8 0.2577786382866468
28 39 4 9 8 0.04020756210091394 10 8 0.10891707055801633 9 9 0.22941631816623467 10 9 0.621459049174835
28 40 4 9 9 0.341756900497071 10 9 0.03160568194185816 9 10 0.5735916549596669 10 10 0.053045762601404006
29 40 4 9 10 0.10156843255072787 10 10 0.6260694746986036 9 11 0.03801807268603758 10 11 0.2343440200646309
29 41 4 9 11 0.7475187529030467 10 11 0.20435710412631242 9 12 0.03779242752327926 10 12 0.010331715447361611
30 42 4 9 12 0.347550104617096 10 12 0.18283902700263577 9 13 0.30772370077881817 10 13 0.1618871676014501
31 43 4 9 13 0.05719951109604675 10 13 0.05170289511412331 9 14 0.4680369192694842 10 14 0.4230606745203458
32 44 4 9 15 0.27166602767493936 10 15 0.41574965312563206 9 16 0.12353302766018819 10 16 0.18905129153924052
33 45 4 9 16 0.07051416865315027 10 16 0.1954147867378307 9 17 0.19464751165156532 10 17 0.5394235329574537
33 46 4 9 17 0.4464863458351285 10 17 0.04368055933588011 9 18 0.46440000965914763 10 18 0.045433085169843734
34 46 4 9 18 0.11410466967052198 10 18 0.7303375603108889 9 19 0.021019635603781766 10 19 0.13453813441480733
34 47 4 9 18 0.05362884834475135 10 18 0.015051331416629779 9 19 0.7272201321191416 10 19 0.20409968811947723
35 48 4 9 20 0.42120101105274255 10 20 0.22599244329906854 9 21 0.22961059438073858 10 21 0.12319595126745035
36 49 4 9 21 0.11754224806168566 10 21 0.1081644808805351 9 22 0.40323198234141233 10 22 0.37106128871636695
37 50 4 9 23 0.314238395208154 10 23 0.4899816083244681 9 24 0.07649846016454052 10 24 0.1192815363028375
38 51 4 9 24 0.09977836671638016 10 24 0.28295491140668017 9 25 0.16092111362590247 10 25 0.4563456082510372
38 52 4 9 25 0.5501733826841921 10 25 0.05679784521888732 9 26 0.3562507728476797 10 26 0.036777999249240814
39 52 4 9 26 0.12559849830131903 10 26 0.8356480544121426 9 27 0.0050636070105517135 10 27 0.0336898402759867
39 53 4 9 26 0.1440077157238128 10 26 0.041476786769647674 9 27 0.6323790647776472 10 27 0.18213643272889235
40 54 4 9 28 0.49380950899937825 10 28 0.27018826808448343 9 29 0.1525398964716985 10 29 0.08346232644443975
41 55 4 9 29 0.17684257653831062 10 29 0.16566847513596084 9 30 0.3394694539023544 10 30 0.31801949442337424
42 56 4 9 31 0.3557683542523393 10 31 0.565255972012362 9 32 0.030506301157893455 10 32 0.04846937257740519
43 57 4 9 32 0.12800015629058847 10 32 0.37153744456452253 9 33 0.12823712408926113 10 33 0.37222527505562786
43 58 4 9 33 0.6528180110441837 10 33 0.07095753959091794 9 34 0.2491439445252553 10 34 0.0270805048396432
44 58 4 9 33 0.009850013093664404 10 33 0.06820086235184786 9 34 0.11634989225577336 10 34 0.8055992322987143
44 59 4 9 34 0.23334417461384904 10 34 0.0689446506116765 9 35 0.538580405925178 10 35 0.1591307688492965
45 60 4 9 36 0.5653755984569907 10 36 0.31542650135893596 9 37 0.07651160705165301 10 37 0.0426862931324202
46 61 4 9 37 0.2351004965259158 10 37 0.2242148778804207 9 38 0.27674933395228746 10 38 0.263935291641376
47 62 4 9 38 0.014443449359717366 10 38 0.023385199637020328 9 39 0.36736900608808243 10 39 0.5948023449151799
48 63 4 9 40 0.15517953737578077 10 40 0.4611623862113725 9 41 0.09659554304163587 10 41 0.2870625333712109
23 32 4 10 0 0.5077677672099203 11 0 0.30031459293696044 10 1 0.12059363783006366 11 1 0.07132400202305564
24 33 4 10 1 0.1926498946863951 11 1 0.19394574005086657 10 2 0.3056741353232141 11 2 0.3077302299395242
25 34 4 10 3 0.355436731906917 11 3 0.6096721774207746 10 4 0.012849923072280322 11 4 0.022041167600028045
26 35 4 10 4 0.1295175938826718 11 4 0.414104590035421 10 5 0.10873168606611361 11 5 0.34764613001579353
26 36 4 10 5 0.6787683593781867 11 5 0.08909177431993376 10 6 0.2052055957601593 11 6 0.026934270541720234
27 36 4 10 5 0.013216510623284041 11 5 0.1089189478852185 10 6 0.09499539429508955 11 6 0.7828691471964079
27 37 4 10 6 0.26114358288537187 11 6 0.08522982540312955 10 7 0.4927929972225909 11 7 0.1608335944889076
28 38 4 10 8 0.5770360662349783 11 8 0.3478506166439531 10 9 0.046863138842572705 11 9 0.028250178278495904
29 39 4 10 9 0.2486100242414753 11 9 0.25478993322785737 10 10 0.2452518058057009 11 10 0.2513482367249664
30 40 4 10 10 0.029802037012797492 11 10 0.05211119504694482 10 11 0.3340224180039668 11 11 0.5840643499362909
31 41 4 10 12 0.15439918453532445 11 12 0.5060273221148192 10 13 0.079387895451028 11 13 0.26018559789882845
31 42 4 10 13 0.778072788816645 11 13 0.10659166761349746 10 14 0.1014389663592967 11 14 0.013896577210560838
32 42 4 10 13 0.02478993180594439 11 13 0.21414984943460885 10 14 0.0789597731499962 11 14 0.6821004456094505
32 43 4 10 14 0.3471398428538628 11 14 0.11603788816671805 10 15 0.4023345372916671 11 15 0.1344877316877521
33 44 4 10 15 0.025824951655904312 11 15 0.015866053955077758 10 16 0.5936120534592136 11 16 0.3646969409298043
34 45 4 10 17 0.30352774530753146 11 17 0.31667653489385195 10 18 0.18587188477721175 11 18 0.1939238350214049
35 46 4 10 18 0.07141158860885567 11 18 0.12730596618293732 10 19 0.287950666445447 11 19 0.51333177876276
36 47 4 10 20 0.17823836669896312 11 20 0.5989924626832311 10 21 0.05108651332495635 11 21 0.1716826572928494
37 48 4 10 21 0.03532094449959365 11 21 0.32042315947303895 10 22 0.06396656049391396 11 22 0.5802893355334535
37 49 4 10 22 0.4320936943333118 11 22 0.14788835941931128 10 23 0.3129184858497851 11 23 0.10709946039759187
38 50 4 10 23 0.09747063366538959 11 23 0.06102469467767185 10 24 0.5175041714873241 11 24 0.32400050016961446
39 51 4 10 25 0.3574030578845664 11 25 0.3796055450488963 10 26 0.12753437223771513 11 26 0.13545702482882216
40 52 4 10 26 0.11197873171592149 11 26 0.20354314580795083 10 27 0.2429213233759768 11 27 0.4415567991001508
41 53 4 10 28 0.2010351403735943 11 28 0.6930000117406794 10 29 0.023827539687892172 11 29 0.08213730819783421
41 54 4 10 28 0.1029670669754757 11 28 0.01530603491879681 10 29 0.7676202882755999 11 29 0.11410660983012746
42 54 4 10 29 0.044809548704225995 11 29 0.4277388780004573 10 30 0.05001575632684861 11 30 0.4774358169684681
42 55 4 10 30 0.5160051373237744 11 30 0.180781239160928 10 31 0.2245448428968894 11 31 0.07866878061840812
43 56 4 10 31 0.16807390718583404 11 31 0.10722574388927807 10 32 0.44243869800441793 11 32 0.28226165092046995
44 57 4 10 33 0.41023596197259116 11 33 0.4435769636929222 10 34 0.07023926818725734 11 34 0.07594780614722929
45 58 4 10 34 0.1515034663339574 11 34 0.28082273392196566 10 35 0.19893438879550795 11 35 0.368739410948569
46 59 4 10 35 0.0023890254601514893 11 35 0.008450449386172808 10 36 0.218011454638902 11 36 0.7711490705147737
46 60 4 10 36 0.2036064709093284 11 36 0.031470953716994814 10 37 0.6625186843793144 11 37 0.10240389099436246
47 60 4 10 37 0.05325574441984365 11 37 0.5360970050168818 10 38 0.03710736064879797 11 38 0.37353988991447645
47 61 4 10 38 0.5988741718251679 11 38 0.21471652739157093 10 39 0.1372136084330343 11 39 0.04919569235022692
48 62 4 10 39 0.23763477221726914 11 39 0.15446920158989366 10 40 0.3684156330105499 11 40 0.23948039318228734
24 31 4 11 0 0.1940732196697731 12 0 0.7440465155074908 11 1 0.012801459960649225 12 1 0.04907880486208689
24 32 4 11 0 0.13842605744465739 12 0 0.02393162751263407 11 1 0.7141732973753542 12 1 0.12346901766735441
25 32 4 11 1 0.03969668793792564 12 1 0.47693632182976825 11 2 0.03714061666205611 12 2 0.4462263735702501
25 33 4 11 2 0.5353251872993805 12 2 0.2055457722482835 11 3 0.18723679249021916 12 3 0.07189224796211684
26 34 4 11 3 0.18924301709899505 12 3 0.13014121703910736 11 4 0.40328158766019284 12 4 0.2773341782017048
27 35 4 11 5 0.4152661313922226 12 5 0.48263137733628103 11 6 0.04722109833656173 12 6 0.054881392934934624
28 36 4 11 6 0.1583826956911064 12 6 0.3180280876278355 11 7 0.1740671590072374 12 7 0.3495220576738206
28 37 4 11 7 0.6853567451156443 12 7 0.015291987983288234 11 8 0.29281778477231746 12 8 0.006533482128750041
29 37 4 11 7 0.011117314754856833 12 7 0.04380674315448642 11 8 0.1912951649131038 12 8 0.753780777177553
29 38 4 11 8 0.2367676709459438 12 8 0.04239433674336968 11 9 0.6113694839116347 12 9 0.10946850839905177
30 38 4 11 9 0.0458450932209967 12 9 0.5875922392787192 11 10 0.02653001141655206 12 10 0.3400326560837321
30 39 4 11 10 0.6158964313682868 12 10 0.24177885091145665 11 11 0.1022033484588799 12 11 0.04012136926137669
31 40 4 11 11 0.2565060916978839 12 11 0.17968246517224046 11 12 0.3315563130988996 12 12 0.23225513003097603
32 41 4 11 12 0.006733806792339856 12 12 0.007968024668214474 11 13 0.45129122297398283 12 13 0.5340069455654629
33 42 4 11 14 0.19456723138757692 12 14 0.3986478746634073 11 15 0.13342042334833387 12 15 0.27336447060068186
33 43 4 11 15 0.7959641195979578 12 15 0.021488936233053976 11 16 0.17774821032757085 12 16 0.004798733841417287
34 43 4 11 15 0.03399368098134124 12 15 0.13773469966005267 11 16 0.1639565987241864 12 16 0.6643150206344196
34 44 4 11 16 0.3340668759582649 12 16 0.06189945446312794 11 17 0.5096080789368806 12 17 0.09442559064172651
35 44 4 11 17 0.05095109001505797 12 17 0.6992905652167372 11 18 0.016961814660057792 12 18 0.232796530108147
35 45 4 11 18 0.6954252669481583 12 18 0.2790543380636357 11 19 0.01821231291657534 12 19 0.007308082071630565
36 46 4 11 19 0.32272675780776267 12 19 0.23026612179443265 11 20 0.2608734470265592 12 20 0.1861336733712455
37 47 4 11 20 0.05964630343222457 12 20 0.07185985076038043 11 21 0.3939165263716651 12 21 0.47457731943572995
38 48 4 11 22 0.229709358595066 12 22 0.4803100701879977 11 23 0.09381609617844054 12 23 0.19616447503849585
38 49 4 11 23 0.9055290855912285 12 23 0.02872829297180535 11 24 0.06372104437189592 12 24 0.002021577065070219
39 49 4 11 23 0.055827638718811724 12 23 0.23270506465463286 11 24 0.13766044102428293 12 24 0.5738068556022724
39 50 4 11 24 0.4303236724815648 12 24 0.08244698067189904 11 25 0.40888908245114775 12 25 0.07834026439538841
40 50 4 11 25 0.055014678320129934 12 25 0.8120312996437448 11 26 0.008436026392581527 12 26 0.12451799564354392
40 51 4 11 25 0.06473631413671528 12 25 0.026547613607129494 11 26 0.6444390657655854 12 26 0.26427700649056984
41 52 4 11 27 0.38790501542864464 12 27 0.28189218690563 11 28 0.19123298944324413 12 28 0.13896980822248117
42 53 4 11 28 0.11151639158312114 12 28 0.13679408534159193 11 29 0.33758423825833556 12 29 0.41410528481695136
43 54 4 11 30 0.26380907731350545 12 30 0.5630146742015801 11 31 0.055254177497568016 12 31 0.11792207098734636
43 55 4 11 30 0.049263713094825905 12 30 0.0017979882002873114 11 31 0.9155242169058655 12 31 0.03341408179902125
44 55 4 11 31 0.07661918796727368 12 31 0.3287178381382503 11 32 0.11240669181338796 12 32 0.482256282081088
44 56 4 11 32 0.5255380605158155 12 32 0.10403691536969895 11 33 0.3092124944544353 12 33 0.06121252966005017
45 56 4 11 33 0.05803585813613457 12 33 0.925814442559762 11 34 0.0009526466141152116 12 34 0.015197052689988232
45 57 4 11 33 0.14664253270101218 12 33 0.06144571777491195 11 34 0.5580706472388555 12 34 0.23384110228522034
46 58 4 11 35 0.452040864560496 12 35 0.33456066050582933 11 36 0.12263494034895979 12 36 0.09076353458471481
47 59 4 11 36 0.1623440712449586 12 36 0.20277072841176214 11 37 0.28229435863406505 12 37 0.3525908417092142
48 60 4 11 38 0.2968663875429223 12 38 0.6467616867042427 11 39 0.017734667305689518 12 39 0.03863725844714548
48 61 4 11 38 0.1612060620725012 12 38 0.0066599619546627116 11 39 0.7991196679657285 12 39 0.033014308007107536
49 61 4 11 39 0.09636832872669963 12 39 0.4257730201108666 11 40 0.08819535109150033 12 40 0.3896633000709334
49 62 4 11 40 0.6197100400610671 12 40 0.1266692585564981 11 41 0.21057831494675086 12 41 0.04304238643568402
50 62 4 11 40 0.005488324675336739 12 40 0.09516629875263917 11 41 0.04903798011248005 12 41 0.850307396459544
25 31 4 12 0 0.12605520313790428 13 0 0.16633985684977037 12 1 0.305057426272517 13 1 0.40254751373980835
26 32 4 12 2 0.2622089483747395 13 2 0.6086993862033364 12 3 0.03886630600524115 13 3 0.09022535941668296
26 33 4 12 2 0.0900844953290315 13 2 0.00506178902904331 12 3 0.8567154342405384 13 3 0.0481382814013868
27 33 4 12 3 0.07686811896606138 13 3 0.3725534902024242 12 4 0.0941697603835361 13 4 0.4564086304479784
27 34 4 12 4 0.5502199022565227 13 4 0.12343965669198217 12 5 0.26654265228266416 13 5 0.05979778876883111
28 34 4 12 4 0.0011453443222145395 13 4 0.02678953943672966 12 5 0.03985515999697107 13 5 0.9322099562440849
28 35 4 12 5 0.1731734343792474 13 5 0.078999399159667 12 6 0.5135517451295275 13 6 0.23427542133155813
29 36 4 12 7 0.4624328257452008 13 7 0.3682532823841436 12 8 0.09425497873316224 13 8 0.07505891313749341
30 37 4 12 8 0.17458509236721076 13 8 0.23461429035251458 12 9 0.25206533708074874 13 9 0.3387352801995259
31 38 4 12 10 0.2929684681716575 13 10 0.694744189138469 12 11 0.0036445862459188313 13 11 0.008642756443954581
31 39 4 12 10 0.1997290538741963 13 10 0.012221553215957876 12 11 0.7426086757329692 13 11 0.04544071717687653
32 39 4 12 11 0.09431946929296552 13 11 0.47190646260759095 12 12 0.07225621009419894 13 12 0.36151785800524455
32 40 4 12 12 0.642094091369209 13 12 0.14836979031131775 12 13 0.17020626320754476 13 13 0.039329855111928505
33 40 4 12 12 0.005288525179121787 13 12 0.1394506813118444 12 13 0.031249779177630835 13 13 0.824011014331403
33 41 4 12 13 0.2517394540219738 13 13 0.11723770224901996 12 14 0.43052352552433926 13 14 0.20049931820466688
34 42 4 12 15 0.5232284759554928 13 15 0.4242619549059022 12 16 0.02899712856043714 13 16 0.023512440578167815
35 43 4 12 16 0.2220725731075203 13 16 0.303931132344276 12 17 0.20011565637800624 13 17 0.2738806381701974
36 44 4 12 17 0.030534725024401632 13 17 0.07398225501780432 12 18 0.2616161294307417 13 18 0.6338668905270524
36 45 4 12 18 0.3083312039302904 13 18 0.0204237258918858 12 19 0.6295443257144423 13 19 0.04170074446338161
37 45 4 12 19 0.11072841113084764 13 19 0.572301843501731 12 20 0.051385068293883854 13 20 0.2655846770735376
37 46 4 12 20 0.732925871992902 13 20 0.17434233241970412 12 21 0.07491228262139003 13 21 0.01781951296600386
38 46 4 12 20 0.008389297547017196 13 20 0.2531542316760284 12 21 0.02368680684730243 13 21 0.714769663929652
38 47 4 12 21 0.3292630651756878 13 21 0.15651841382735665 12 22 0.3485377144082211 13 22 0.16568080658873446
39 48 4 12 22 0.03521831312327401 13 22 0.02907644047017171 12 23 0.5125450914302229 13 23 0.4231601549763313
40 49 4 12 24 0.2685176453588256 13 24 0.37429038282502136 12 25 0.14920838416429658 13 25 0.20798358765185646
41 50 4 12 25 0.06367162780569965 13 25 0.15764967496855697 12 26 0.2240170266870107 13 26 0.5546616705387326
41 51 4 12 26 0.4158909454974115 13 26 0.02966830705684401 12 27 0.5175223841848593 13 27 0.03691836326088509
42 51 4 12 27 0.12609494447970665 13 27 0.67373963288498 12 28 0.03155633498256314 13 28 0.1686090876527503
42 52 4 12 27 0.019339289475744488 13 27 0.0047332376689409915 12 28 0.7840366651761146 13 28 0.19189080767919997
43 52 4 12 28 0.01044766142589762 13 28 0.36790019052919865 12 29 0.017166243005989013 13 29 0.6044859050389148
43 53 4 12 29 0.4057442678403909 13 29 0.19684153389472456 12 30 0.267594311781085 13 30 0.12981988648379958
44 54 4 12 30 0.09839134631797124 13 30 0.08270773000752517 12 31 0.44490985827309276 13 31 0.37399106540141086
45 55 4 12 32 0.31392030912111385 13 32 0.44569204179481253 12 33 0.09934352043957538 13 33 0.14104412864449828
46 56 4 12 33 0.09576612209797404 13 33 0.24235950340833326 12 34 0.18746033243227464 13 34 0.474414042061418
46 57 4 12 34 0.5224082785755068 13 34 0.03995529671080535 12 35 0.40654285114433114 13 35 0.03109357356935673
47 57 4 12 35 0.14041906933955986 13 35 0.776219830757163 12 36 0.012770010160276953 13 36 0.07059108974300013
47 58 4 12 35 0.11254845308383042 13 35 0.02832839679289138 12 36 0.6863653016055956 13 36 0.17275784851768258
48 58 4 12 36 0.01146361681576411 13 36 0.4836885578713828 12 37 0.01168808765368953 13 37 0.49315973765916343
48 59 4 12 37 0.48118306201605676 13 37 0.23820706245109505 12 38 0.18769331764298616 13 38 0.09291655788986206
49 60 4 12 38 0.1605219710236537 13 38 0.1373814280339077 12 39 0.3783170336049486 13 39 0.3237795673374899
50 61 4 12 40 0.35828056439434514 13 40 0.5181361092536176 12 41 0.05052106520388244 13 41 0.0730622611481549
26 31 4 13 1 0.4237958112227062 14 1 0.22287457357537085 13 2 0.23155476796770555 14 2 0.12177484723421748
27 32 4 13 2 0.11829194963783995 14 2 0.10689170975064671 13 3 0.40702125452215987 14 3 0.3677950860893535
28 33 4 13 4 0.31768197194743075 14 4 0.48601496203148586 13 5 0.07759385718216563 14 5 0.11870920883891775
29 34 4 13 5 0.10137684486186595 14 5 0.2808333637074603 13 6 0.16386160923734727 14 6 0.45392818219332653
29 35 4 13 6 0.5524519120813247 14 6 0.05399624626799198 13 7 0.35851121720747764 14 7 0.03504062444320558
30 35 4 13 7 0.12989085160993255 14 7 0.830832631549795 13 8 0.005310227458868785 14 8 0.03396628938140368
30 36 4 13 7 0.14444114652718568 14 7 0.04052028641256943 13 8 0.6364846077311762 14 8 0.1785539593290687
31 37 4 13 9 0.4969368149658399 14 9 0.2665378925642878 13 10 0.15395156426213882 14 10 0.08257372820773348
32 38 4 13 10 0.17812478391098144 14 10 0.16386319820955592 13 11 0.34272622028658545 14 11 0.31528579759287717
33 39 4 13 12 0.3597444367881478 14 12 0.5607568199228194 13 13 0.03106919237901555 14 13 0.04842955091001717
34 40 4 13 13 0.13013114023259412 14 13 0.3688833910687828 13 14 0.13064511390418607 14 14 0.370340354794437
34 41 4 13 14 0.6556290462378672 14 14 0.06762343484352884 13 15 0.25087188308847347 14 15 0.025875635830130393
35 41 4 13 14 0.010135898441868709 14 14 0.06739190744993818 13 15 0.12060298066447096 14 15 0.8018692134437222
35 42 4 13 15 0.2343101112137049 14 15 0.06745564445807219 13 16 0.5421534430822239 14 16 0.1560808012459989
36 43 4 13 17 0.5690354102199782 14 17 0.3112436200422289 13 18 0.07739076904556752 14 18 0.042330200692225435
37 44 4 13 18 0.23691520969510896 14 18 0.2218770951574791 13 19 0.27947359454002496 14 19 0.26173410060738705
38 45 4 13 19 0.014413063935121675 14 19 0.0228925155078963 13 20 0.3719383652696374 14 20 0.5907560552873447
39 46 4 13 21 0.15784302711429593 14 21 0.457975826919152 13 22 0.0984710270600226 14 22 0.2857101189065295
39 47 4 13 22 0.7577637719053871 14 22 0.0822930319080597 13 23 0.14427495745852065 14 23 0.01566823872803253
40 47 4 13 22 0.024539615853589214 14 22 0.16979251277023968 13 23 0.10173706329034612 14 23 0.703930808085825
40 48 4 13 23 0.32313666741126673 14 23 0.0954334109925897 13 24 0.44886468692225784 14 24 0.13256523467388573
42 50 4 13 26 0.29466322699024755 14 26 0.2809334005944401 13 27 0.2172633772824533 14 27 0.20713999513285905
43 51 4 13 27 0.05885291176025378 14 27 0.09525699041484358 13 28 0.32303631748204364 14 28 0.522853780342859
44 52 4 13 29 0.1845125055069928 14 29 0.5481106712585059 13 30 0.06733934870489273 14 30 0.20003747452960868
44 53 4 13 30 0.858856089083893 14 30 0.0980050374616045 13 31 0.03872044031758176 14 31 0.004418433136920737
45 53 4 13 30 0.03790092477630081 14 30 0.2732355265796075 13 31 0.08391355440520155 14 31 0.6049499942388902
45 54 4 13 31 0.41092081511977735 14 31 0.12445358601612144 13 32 0.3566183392513143 14 32 0.10800725961278695
46 55 4 13 32 0.07260359592049596 14 32 0.04128407980581246 13 33 0.5648981834201838 14 33 0.3212141408535078
47 56 4 13 34 0.3513688357963126 14 34 0.34103211452039706 13 35 0.15609556851392659 14 35 0.15150348116936374
48 57 4 13 35 0.10225035109636191 14 35 0.1686638738107861 13 36 0.27517667818350244 14 36 0.45390909690934955
49 58 4 13 37 0.2101395754106757 14 37 0.6392879240868736 13 38 0.0372500788387768 14 38 0.11332242166367393
49 59 4 13 37 0.065791668334356 14 37 0.007873780943206525 13 38 0.8273226611046858 14 38 0.09901188961775169
50 59 4 13 38 0.050219825209994844 14 38 0.3777209488779641 13 39 0.06713245400907453 14 39 0.5049267719029665
50 60 4 13 39 0.4976625543392913 14 39 0.15451616952867242 13 40 0.2654144000693673 14 40 0.08240687606266896
51 61 4 13 40 0.14603716567000924 14 40 0.08465483278836419 13 41 0.4870024137082088 14 41 0.2823055878334178
27 30 4 14 1 0.1816438699749813 15 1 0.5950638898535076 14 2 0.05221998380586873 15 2 0.1710722563656424
28 31 4 14 2 0.036881349181802435 15 2 0.3183396852370961 14 3 0.06694512956863574 15 3 0.5778338360124657
28 32 4 14 3 0.43433415026719824 15 3 0.14512483393171946 14 4 0.3152170036728005 15 4 0.10532401212828182
29 33 4 14 4 0.09786599100546393 15 4 0.060106267783863444 14 5 0.5216477879041516 15 5 0.32037995330652097
30 34 4 14 6 0.36049229038777303 15 6 0.37599324299195563 14 7 0.12898411349143912 15 7 0.13453035312883227
31 35 4 14 7 0.11322286562532527 15 7 0.20177594234481303 14 8 0.2462161632235037 15 8 0.43878502880635806
32 36 4 14 9 0.20497314944610015 15 9 0.6885389331144395 14 10 0.024428504372288225 15 10 0.08205941306717221
32 37 4 14 9 0.10304615354274606 15 9 0.014703878797792396 14 10 0.7720801754652316 15 10 0.11016979219423
33 37 4 14 10 0.046902459182943945 15 10 0.42512289796803393 14 11 0.052461819605032566 15 11 0.47551282324398964
33 38 4 14 11 0.5187780990541561 15 11 0.17748520787681235 14 12 0.22631085492340972 15 12 0.0774258381456219
34 39 4 14 12 0.1690017703224328 15 12 0.10577481119894527 14 13 0.44604980862474974 15 13 0.2791736098538722
35 40 4 14 14 0.41385770027231766 15 14 0.4394321558394617 14 15 0.07115650364446147 15 15 0.07555364024375921
36 41 4 14 15 0.15328010603986858 15 15 0.2785230246623203 14 16 0.20169672284649862 15 16 0.36650014645131235
37 42 4 14 16 0.0023205665722719347 15 16 0.0079958387203183 14 17 0.22261888728368343 15 17 0.7670647074237263
37 43 4 14 17 0.2042180632731402 15 17 0.030336291799477607 14 18 0.6664460657724044 15 18 0.09899957915497778
38 43 4 14 18 0.05588116069509754 15 18 0.5329485191879513 14 19 0.039020918130474654 15 19 0.3721494019864765
38 44 4 14 19 0.6021796393521232 15 19 0.21088799031089586 14 20 0.13844711466303825 15 20 0.0484852556739427
39 45 4 14 20 0.23909514115038774 15 20 0.152485763103041 14 21 0.37149423783436186 15 21 0.23692485791220944
40 46 4 14 22 0.46618070166786213 15 22 0.5039134771759967 14 23 0.01437130228648399 15 23 0.01553451886965733
41 47 4 14 23 0.1922949379654041 15 23 0.35631251546882714 14 24 0.15821969095853017 15 24 0.2931728556072386
42 48 4 14 24 0.02802722902783081 15 24 0.09909349899686748 14 25 0.19245002486569157 15 25 0.6804292471096102
42 49 4 14 25 0.3043475645144953 15 25 0.04701111329017318 14 26 0.5618543645686163 15 26 0.08678695762671522
43 49 4 14 26 0.06381745371821906 15 26 0.6418165488968518 14 27 0.02662242514492014 15 27 0.267743572240009
43 50 4 14 27 0.6845387711610775 15 27 0.24533318123402084 14 28 0.051625782891650866 15 28 0.018502264713250692
44 51 4 14 28 0.3081461034893265 15 28 0.20023912349617326 14 29 0.2979810755329615 15 29 0.19363369748153883
45 52 4 14 29 0.041371490582451986 15 29 0.04552701099342869 14 30 0.43471831340946115 15 30 0.4783831850146582
46 53 4 14 31 0.23026736140193857 15 31 0.43514441476437205 14 32 0.11578506755956267 15 32 0.2188031562741267
47 54 4 14 32 0.052691482994350454 15 32 0.19123356776234113 14 33 0.16332357093673894 15 33 0.5927513783065694
47 55 4 14 33 0.4034346572668365 15 33 0.06472834326988268 14 34 0.4583050718538421 15 34 0.0735319276094387
48 55 4 14 34 0.07071133825233182 15 34 0.7517269870948184 14 35 0.015266340648374382 15 35 0.1622953340044754
48 56 4 14 34 0.03415314039069998 15 34 0.012523134736449146 14 35 0.6975492136995668 15 35 0.25577451117328415
49 57 4 14 36 0.3761546573392501 15 36 0.24903489237830032 14 37 0.22551032172060487 15 37 0.1493001285618448
50 58 4 14 37 0.09607187496240134 15 37 0.10763094934555871 14 38 0.3755557290670788 15 38 0.42074144662496116
51 59 4 14 39 0.26719737634944907 15 39 0.5150187225489122 14 40 0.0743928526496192 15 40 0.1433910484520195
52 60 4 14 40 0.07631332847188094 15 40 0.2844160450169187 14 41 0.13523952549677545 15 41 0.5040311010144249
27 29 4 15 0 0.3249291402783673 16 0 0.22754066977009402 15 1 0.26321003831288514 16 1 0.18432015163865356
28 30 4 15 1 0.06000358730903949 16 1 0.07097949732986014 15 2 0.39809821625178077 16 2 0.47091869910931966
29 31 4 15 3 0.2327605176349863 16 3 0.4767358415943146 15 4 0.0953039108954508 16 4 0.19519972987524833
29 32 4 15 4 0.9092602958828322 16 4 0.024474013126496403 15 5 0.06452880783719424 16 5 0.0017368831534772776
30 32 4 15 4 0.05703369916493591 16 4 0.23097593465480334 15 5 0.1409933543350606 16 5 0.5709970118452001
30 33 4 15 5 0.4322097841793498 16 5 0.08003779942037997 15 6 0.4115419445102647 16 6 0.07621047189000557
31 33 4 15 6 0.05891461392935773 16 6 0.8076082944807541 15 7 0.009075064540255631 16 7 0.12440202704963256
31 34 4 15 6 0.0647773272407325 16 6 0.02598353094940691 15 7 0.6489370264184988 16 7 0.2603021153913618
32 35 4 15 8 0.3906399036957693 16 8 0.2786342290847714 15 9 0.19303707493305014 16 9 0.1376887922864092
33 36 4 15 9 0.11240618125643592 16 9 0.13538122611454312 15 10 0.34123342234192267 16 10 0.41097917028709835
34 37 4 15 11 0.2673927421499405 16 11 0.5589079398114398 15 12 0.056209486418034874 16 12 0.11748983162058486
34 38 4 15 11 0.04898845542598848 16 11 0.001550176315361992 15 12 0.9203384483316049 16 12 0.029122919927044685
35 38 4 15 12 0.07835775420990326 16 12 0.32645620234185796 15 13 0.11520709932766027 16 13 0.47997894412057845
35 39 4 15 13 0.5279566780101351 16 13 0.10109522832164533 15 14 0.31133285071704636 16 14 0.0596152429511732
36 39 4 15 14 0.06246829954191073 16 14 0.9208589316002805 15 15 0.001059178965269636 16 15 0.015613589892539186
36 40 4 15 14 0.1472160516015289 16 14 0.06034912932066118 15 15 0.5620361020952693 16 15 0.23039871698254052
37 41 4 15 16 0.45530825862411795 16 16 0.3307701968884734 15 17 0.1239065200422398 16 17 0.09001502444516886
38 42 4 15 17 0.16376636671481948 16 17 0.20082536338821022 15 18 0.2854110369211348 16 18 0.3499972329758355
39 43 4 15 19 0.30098255817589176 16 19 0.6421224465175392 15 20 0.01815747042965065 16 20 0.03873752487691841
39 44 4 15 19 0.16146331020021287 16 19 0.005879644273216957 15 20 0.8034013935949474 16 20 0.029255651931622714
40 44 4 15 20 0.09863940076588118 16 20 0.422978878517951 15 21 0.09046325280927806 16 21 0.3879184679068898
40 45 4 15 21 0.6226611633519279 16 21 0.12319506571190322 15 22 0.2121661654128493 16 22 0.04197760552331961
41 45 4 15 21 0.005914298120700473 16 21 0.09421725575354138 15 22 0.053150980424046895 16 22 0.8467174657017111
41 46 4 15 22 0.22861236747330207 16 22 0.09575713618093869 15 23 0.4761775862610345 16 23 0.19945291008472468
42 47 4 15 24 0.5189342050634883 16 24 0.38394857318118236 15 25 0.05581837364043642 16 25 0.041298848114892886
43 48 4 15 25 0.214084143684182 16 25 0.26731190915089836 15 26 0.2306310599893393 16 26 0.2879728871755803
44 49 4 15 26 0.018852137069719638 16 26 0.04105719035576198 15 27 0.2958256915733898 16 27 0.6442649810011287
44 50 4 15 27 0.2728957564854231 16 27 0.011251520720086111 15 28 0.6875067473473043 16 28 0.028345975447186547
45 50 4 15 28 0.11787863883283492 16 28 0.5205439631830767 15 29 0.06676181477989133 16 29 0.29481558320419715
45 51 4 15 29 0.7163232402046877 16 29 0.14633731159122274 15 30 0.11404188859762773 16 30 0.023297559606461793
46 51 4 15 29 0.011845366717650423 16 29 0.20509050988864214 15 30 0.04275771186463526 16 30 0.7403064115290723
46 52 4 15 30 0.30896627485606726 16 30 0.13220755153022418 15 31 0.39136147891583634 16 31 0.16746469469787223
47 53 4 15 31 0.011227364272336428 16 31 0.008459736704384954 15 32 0.5590630144691552 16 32 0.42124988455412327
48 54 4 15 33 0.2633595121645268 16 33 0.3348408634025957 15 34 0.17689349154656142 16 34 0.22490613288631592
49 55 4 15 34 0.0548193360800849 16 34 0.1218943140774761 15 35 0.25539629260059155 16 35 0.5678900572418475
49 56 4 15 35 0.38328579428156645 16 35 0.017665805655979066 15 36 0.5726545095886992 16 36 0.026393890473755274
50 56 4 15 36 0.13607546841074503 16 36 0.6191514563372029 15 37 0.044102785239519535 16 37 0.2006702900125326
50 57 4 15 37 0.8089429085684193 16 37 0.17052196595952754 15 38 0.01696002027146321 16 38 0.003575105200589987
51 57 4 15 37 0.01673402682559003 16 37 0.3170061725127675 15 38 0.03340685179426267 16 38 0.6328529488673797
51 58 4 15 38 0.3882777737498327 16 38 0.16970037536852978 15 39 0.307587780059638 16 39 0.1344340708219996
52 59 4 15 39 0.07723069369610737 16 39 0.05926073001267904 15 40 0.48859748508298007 16 40 0.3749110912082335
28 28 4 16 0 0.11374149670749008 17 0 0.5687656883714118 16 1 0.0529109564741433 17 1 0.26458185844695487
28 29 4 16 1 0.7366190088212741 17 1 0.17012612603765534 16 2 0.07575811954994856 17 2 0.01749674559112203
29 29 4 16 1 0.00955728452986709 17 1 0.2514631751394444 16 2 0.02705779362138311 17 2 0.7119217467093053
29 30 4 16 2 0.3311111034102106 17 2 0.15414730603909987 16 3 0.3512286499306289 17 3 0.16351294062006066
30 31 4 16 3 0.035221252763993884 17 3 0.028550431275717776 16 4 0.5170811255464336 17 4 0.4191471904138547
31 32 4 16 5 0.2712144601626669 17 5 0.37107049846747464 16 6 0.15105054311735722 17 6 0.20666449825250116
32 33 4 16 6 0.06452334401573806 17 6 0.15627488920478452 16 7 0.22770428423387418 17 7 0.5514974825456033
32 34 4 16 7 0.417422712959156 17 7 0.027613470041394132 16 8 0.5205295904800454 17 8 0.03443422651940438
33 34 4 16 8 0.1296405358528839 17 8 0.6696709719580973 16 9 0.032549717366316476 17 9 0.16813877482270234
33 35 4 16 8 0.019025958343659343 17 8 0.004523499247292076 16 9 0.7888889700651304 17 9 0.18756157234391832
34 35 4 16 9 0.012148154205267365 17 9 0.3656766281960948 16 10 0.02000472398354984 17 10 0.602170493615088
34 36 4 16 10 0.4081248118714163 17 10 0.1939379203099651 16 11 0.2697527415069615 17 11 0.1281845263116572
35 37 4 16 11 0.09892679175520576 17 11 0.08164921501655656 16 12 0.4489133865927601 17 12 0.3705106066354775
36 38 4 16 13 0.3171496297214476 17 13 0.44193965164071597 16 14 0.10065317359614351 17 14 0.1402575450416929
37 39 4 16 14 0.09715034410454691 17 14 0.24045221184805504 16 15 0.19061508418263237 17 15 0.4717823598647657
37 40 4 16 15 0.5244725518337576 17 15 0.03736795389883477 16 16 0.40901755164301085 17 16 0.029141942624396722
38 40 4 16 16 0.1444971665092808 17 16 0.7716186640337224 16 17 0.013230886747515299 17 17 0.0706532827094815
38 41 4 16 16 0.11276762774829964 17 16 0.02758615257473114 16 17 0.690685100698057 17 17 0.16896111897891222
39 41 4 16 17 0.013696615391640311 17 17 0.48093248974180125 16 18 0.013994062834715222 17 18 0.4913768320318433
39 42 4 16 18 0.4840961118436083 17 18 0.23477094306982382 16 19 0.18931924157233657 17 19 0.09181370351423139
40 43 4 16 19 0.16158992225742966 17 19 0.13579040724641203 16 20 0.3817880561281319 17 20 0.3208316143680264
41 44 4 16 21 0.3620423907912384 17 21 0.5138512133030047 16 22 0.05129821256391974 17 22 0.0728081833418373
42 45 4 16 22 0.12873493570433342 17 22 0.3256719429803192 16 23 0.15456829262041283 17 23 0.3910248286949345
42 46 4 16 23 0.6304799822193604 17 23 0.04816484624531138 16 24 0.29854792129494645 17 24 0.022807250240381795
43 46 4 16 23 0.005045535382285807 17 23 0.02787461789279676 16 24 0.1482203179120486 17 24 0.8188595288128688
43 47 4 16 24 0.20546688866390284 17 24 0.05169121439117863 16 25 0.5935236398200208 17 25 0.14931825712489774
44 47 4 16 25 0.01420266808900904 17 25 0.5972307597764748 16 26 0.009025810174913497 17 26 0.3795407619596027
44 48 4 16 26 0.5590250033267862 17 26 0.27664637431869654 16 27 0.10992815012672559 17 27 0.0544004722277917
45 49 4 16 27 0.2232106442706188 17 27 0.19097400796527364 16 28 0.3157051341525099 17 28 0.27011021361159776
47 51 4 16 30 0.15927711881508727 17 30 0.4119340826016076 16 31 0.11956390954719731 17 31 0.3092248890361078
47 52 4 16 31 0.7354450041159121 17 31 0.060004147080781736 16 32 0.18912069943596177 17 32 0.015430149367344435
48 52 4 16 31 0.022279549023070312 17 31 0.12744492698409163 16 32 0.1265241043088311 17 32 0.723751419684007
48 53 4 16 32 0.29712374109049206 17 32 0.07683868469664006 16 33 0.4974045874309985 17 33 0.12863298678186932
49 53 4 16 33 0.013666312297364067 17 33 0.7145714383001703 16 34 0.005099966004125479 17 34 0.26666228339834
49 54 4 16 34 0.6329114863209597 17 34 0.31956421405658797 16 35 0.03157946717011901 17 35 0.01594483245233324
50 55 4 16 35 0.28378895779480473 17 35 0.2472000171731586 16 36 0.2506646206658909 17 36 0.2183464043661458
51 56 4 16 36 0.04428448403345886 17 36 0.06521776552488548 16 37 0.3601317193968046 17 37 0.5303660310448511
52 57 4 16 38 0.18877689343687415 17 38 0.4992386307119145 16 39 0.08560193496300611 17 39 0.22638254088820525
52 58 4 16 39 0.8393676175235423 17 39 0.07288585640524534 16 40 0.08073588606592734 17 40 0.007010640005285148
53 58 4 16 39 0.03847115417483235 17 39 0.22805764456435157 16 40 0.10587029919463604 17 40 0.6276009020661799
53 59 4 16 40 0.3877381850280788 17 40 0.10302856349111843 16 41 0.40232794353097895 17 41 0.10690530794982395
29 28 4 17 0 0.014377930112574681 18 0 0.02240457977673792 17 1 0.37651247284908623 18 1 0.5867050172616012
30 29 4 17 2 0.1605017684548666 18 2 0.4547940160248472 17 3 0.10035125947638247 18 3 0.2843529560439037
30 30 4 17 3 0.7611025644976307 18 3 0.0784311697620821 17 4 0.14547513862320768 18 4 0.014991127117079563
31 30 4 17 3 0.0253532586003607 18 3 0.16845580046976283 17 4 0.1054623943005052 18 4 0.7007285466293712
31 31 4 17 4 0.32463036140970747 18 4 0.09341664744041493 17 5 0.4519099666807476 18 5 0.13004302446912988
33 33 4 17 7 0.2970056975579968 18 7 0.27806786047295684 17 8 0.219459880471606 18 8 0.2054665614974404
34 34 4 17 8 0.059350283734216615 18 8 0.09423654888714665 17 9 0.32707791926501134 18 9 0.5193352481136253
35 35 4 17 10 0.18770375264408337 18 10 0.5443963545676812 17 11 0.06868707532473275 18 11 0.1992128174635027
35 36 4 17 11 0.8627273874726548 18 11 0.09361066951913728 17 12 0.03938811568572181 18 12 0.004273827322486062
36 36 4 17 11 0.039247073319579606 18 11 0.2713663084825946 17 12 0.08710637961882466 18 12 0.6022802385790013
36 37 4 17 12 0.41294701491472247 18 12 0.12190431666744221 17 13 0.359131113213271 18 13 0.10601755520456431
37 38 4 17 13 0.07278469712165038 18 13 0.040579909050923964 17 14 0.5692560559759312 18 14 0.3173793378514944
38 39 4 17 15 0.3542438121606472 18 15 0.3376340686023858 17 16 0.1577595659065512 18 16 0.15036255333041582
39 40 4 17 16 0.10328022886684461 18 16 0.16711092648656933 17 17 0.27868577416995033 18 17 0.4509230704766357
40 41 4 17 18 0.21386332834429336 18 18 0.6350411015995506 17 19 0.03806529966208975 18 19 0.11303027039406635
40 42 4 17 18 0.06565649876269584 18 18 0.0074858809611182625 17 19 0.8319968044332765 18 19 0.0948608158429094
41 42 4 17 19 0.05209847954979014 18 19 0.37531922498443476 17 20 0.0697927734261811 18 20 0.502789522039594
41 43 4 17 20 0.500221259930764 18 20 0.15143439438347997 17 21 0.2673946682347964 18 21 0.08094967745095955
42 44 4 17 21 0.14675077266771427 18 21 0.08341815623696812 17 22 0.49082778046743425 18 22 0.27900329062788326
43 45 4 17 23 0.4104395182742378 18 23 0.39824268522081707 17 24 0.09710165983052756 18 24 0.09421613667441744
44 46 4 17 24 0.1461677655104584 18 24 0.2410277125750349 17 25 0.23133603756387486 18 25 0.38146848435063174
45 47 4 17 26 0.238980495555475 18 26 0.7267282571203909 17 27 0.008485932488475128 18 27 0.02580531483565897
45 48 4 17 26 0.16965870472215233 18 26 0.020287997733741143 17 27 0.723532398511387 18 27 0.08652089903271949
46 48 4 17 27 0.06390747729098913 18 27 0.48031454997530676 17 28 0.05352157572254914 18 28 0.402256397011155
46 49 4 17 28 0.5864530964577697 18 28 0.18200688058852513 17 29 0.1767006317453579 18 29 0.054839391208347375
47 50 4 17 29 0.21967443972470926 18 29 0.12729881191199513 17 30 0.4134419134480064 18 30 0.23958483491528926
48 51 4 17 31 0.4655928158988171 18 31 0.45989371032831716 17 32 0.037486162243486595 18 32 0.03702731152937904
49 52 4 17 32 0.18801289366506266 18 32 0.31598690715250166 17 33 0.1850287094468377 18 33 0.310971489735598
50 53 4 17 33 0.020051026196139753 18 33 0.062462049211805516 17 34 0.22295320188537737 18 34 0.6945337227066773
50 54 4 17 34 0.2726185021925819 18 34 0.03413252299537661 17 35 0.6161104010785244 18 35 0.07713857373351701
51 54 4 17 35 0.07467406654317331 18 35 0.5863522834551875 17 36 0.038292786507931956 18 36 0.3006808634937072
51 55 4 17 36 0.6716425244957721 18 36 0.2136217752825877 17 37 0.08704900374492242 18 37 0.027686696476717815
52 56 4 17 37 0.2915556982927266 18 37 0.17222187607605713 17 38 0.337098454917556 18 38 0.19912397071366025
53 57 4 17 38 0.021086926854520738 18 38 0.021203922104664295 17 39 0.47752985132535847 18 39 0.4801792997154566
54 58 4 17 40 0.22881561333065248 18 40 0.39198851021893377 17 41 0.1397637898188435 18 41 0.2394320866315702
29 27 4 18 0 0.6054803584810878 19 0 0.20706420162822595 18 1 0.13968536929097553 19 1 0.04777007059971078
30 28 4 18 1 0.2405507616855402 19 1 0.15050707301415447 18 2 0.3745775910561112 19 2 0.23436457424419407
31 29 4 18 3 0.4703301973661258 19 3 0.4992409119239988 18 4 0.014760780345122158 19 4 0.01566811036475322
32 30 4 18 4 0.19459933506988708 19 4 0.3534850488106387 18 5 0.16045426761094903 19 5 0.29146134850852506
33 31 4 18 5 0.028486527538506695 19 5 0.09811113093242885 18 6 0.1965297001119176 19 6 0.6768726414171469
33 32 4 18 6 0.3054869142768689 19 6 0.0453486939740942 18 7 0.5652539885631446 19 7 0.08391040318589228
34 32 4 18 7 0.06697062739199486 19 7 0.6381403056693705 18 8 0.028008225228017544 19 8 0.266880841710617
34 33 4 18 8 0.6883719960865374 19 8 0.24097688675482695 18 9 0.052331531723092906 19 9 0.01831958543554271
35 34 4 18 9 0.31013422982101013 19 9 0.19772792761075553 18 10 0.3005319229582084 19 10 0.191605919610026
36 35 4 18 10 0.041514518320343974 19 10 0.04486091370183134 18 11 0.43911425942847104 19 11 0.47451030854935367
37 36 4 18 12 0.23310426430290898 19 12 0.4317844423096676 18 13 0.11748713841546551 19 13 0.21762415497195792
38 37 4 18 13 0.05368328730156168 19 13 0.1897186939014532 18 14 0.1668707403864296 19 14 0.5897272784105555
38 38 4 18 14 0.4051065128257399 19 14 0.06253341815727392 18 15 0.4611721900518693 19 15 0.07118787896511689
39 38 4 18 15 0.07439701772261818 19 15 0.7475182380707981 18 16 0.016119634934961224 19 16 0.1619651092716226
39 39 4 18 15 0.03397989735577577 19 15 0.01217330821763929 18 16 0.7022614304914215 19 16 0.2515853639351634
40 40 4 18 17 0.3786752894674715 19 17 0.24599119069634484 18 18 0.22752866334934269 19 18 0.147804856486841
41 41 4 18 18 0.09674740849679034 19 18 0.10643234625743565 18 19 0.379419169289563 19 19 0.41740107595621107
42 42 4 18 20 0.2705667850469425 19 20 0.5111262442977134 18 21 0.07556241770899895 19 21 0.1427445529463451
43 43 4 18 21 0.07783763857560248 19 21 0.2823686653594918 18 22 0.13825418914995583 19 22 0.5015395069149499
43 44 4 18 22 0.5036837028856044 19 22 0.08076055082948044 18 23 0.3581328000295718 19 23 0.05742294625534336
44 44 4 18 23 0.08078099956422757 19 23 0.8579385789612393 18 24 0.005273453130918848 19 24 0.0560069683436143
44 45 4 18 23 0.11924891794563051 19 23 0.043708610359835226 18 24 0.6125302099391338 19 24 0.22451226175540043
45 46 4 18 25 0.44617394062490034 19 25 0.2952968622709953 18 26 0.15556781222945212 19 26 0.1029613848746522
46 47 4 18 26 0.15093789018422524 19 26 0.16904618730205143 18 27 0.32076648763969506 19 27 0.3592494348740283
47 48 4 18 28 0.30698689730195206 19 28 0.5915104547747545 18 29 0.03468010549155639 19 29 0.06682254243173699
47 49 4 18 28 0.12118781564805799 19 28 0.001547486208647528 18 29 0.8662038623350685 19 29 0.011060835808226078
48 49 4 18 29 0.10094958136061694 19 29 0.3760610453064993 18 30 0.11068004640250836 19 30 0.41230932693037536
48 50 4 18 30 0.6012184844564373 19 30 0.10003009199069816 18 31 0.25613581849630596 19 31 0.042615605056558606
49 50 4 18 30 0.004530320184111936 19 30 0.050993581073434276 18 31 0.0770619325486015 19 31 0.8674141661938523
49 51 4 18 31 0.2034755300464842 19 31 0.07628632099106095 18 32 0.5238413978758184 19 32 0.19639675108663637
50 52 4 18 33 0.5126301832933159 19 33 0.34564494233463056 18 34 0.08464936959860365 19 34 0.057075504773449984
51 53 4 18 34 0.20408596338265964 19 34 0.23270243683569639 18 35 0.26315621447882775 19 35 0.3000553853028163
52 54 4 18 35 0.005159798236882349 19 35 0.01014187657190363 18 36 0.3320450045942218 19 36 0.6526533205969923
52 55 4 18 36 0.23545055816233404 19 36 0.004089066426450832 18 37 0.747478919858388 19 37 0.012981455552827079
53 55 4 18 37 0.12301911565662788 19 37 0.47079583374255934 18 38 0.08414831214406443 19 38 0.32203673845674835
53 56 4 18 38 0.6977108575382328 19 38 0.12034204164095332 18 39 0.1551812454520487 19 39 0.02676585536876515
54 56 4 18 38 0.01329168501012521 19 38 0.15903653897945735 18 39 0.06383836776015522 19 39 0.7638334082502622
54 57 4 18 39 0.2866597336583086 19 39 0.10990644011127287 18 40 0.43619499430158976 19 40 0.16723883192882877
30 26 4 19 0 0.3050939804109063 20 0 0.6374879547287906 19 1 0.01858502195156668 20 1 0.03883304290873644
30 27 4 19 0 0.1617158099299879 20 0 0.005104074989736548 19 1 0.8076878676220456 20 1 0.02549224745822992
31 27 4 19 1 0.10090572440708344 20 1 0.42018948532304334 19 2 0.09273590292497767 20 2 0.3861688873448955
31 28 4 19 2 0.6256075382447696 20 2 0.11972562126532743 19 3 0.21375876427688076 20 3 0.04090807621302219
32 28 4 19 2 0.006335523168106452 20 2 0.09327296115240134 19 3 0.057268729133542806 20 3 0.8431227865459494
32 29 4 19 3 0.22971364377239478 20 3 0.09413279032814058 19 4 0.47961528371884365 20 4 0.19653828218062094
33 30 4 19 5 0.5227293565256886 20 5 0.37963035216527674 19 6 0.05656219593513806 20 6 0.04107809537389662
34 31 4 19 6 0.21603419655258868 20 6 0.2648387867287576 19 7 0.2332199808778632 20 7 0.28590703584079047
35 32 4 19 7 0.018957091344330913 20 7 0.04042916652744533 19 8 0.30025971105568044 20 8 0.6403540310725434
35 33 4 19 8 0.2736807620116559 20 8 0.009943445640090543 19 9 0.6912607155779447 20 9 0.025115076770308917
36 33 4 19 9 0.12067746827054282 20 9 0.517222064191606 19 10 0.0685019590990853 20 10 0.2935985084387659
36 34 4 19 10 0.7198021208940675 20 10 0.1423353613481089 19 11 0.11510198166514989 20 11 0.022760536092673717
37 34 4 19 10 0.012799097561580822 20 10 0.20361370949100632 19 11 0.04634295477763545 20 11 0.7372442381697774
37 35 4 19 11 0.31060005695165616 20 11 0.13005069988090123 19 12 0.39426667057714937 20 12 0.16508257259029324
38 36 4 19 12 0.011016047774151161 20 12 0.008147983648864848 19 13 0.5638133047242424 20 13 0.4170226638527415
39 37 4 19 14 0.26584207082944894 20 14 0.33183523518396835 19 15 0.17894990663854118 20 15 0.22337278734804153
40 38 4 19 15 0.05545679615119967 20 15 0.12073378445259858 19 16 0.25929780628640736 20 16 0.5645116131097945
40 39 4 19 16 0.3846033056043768 20 16 0.015825224779448994 19 17 0.5758759720228195 20 17 0.023695497593354767
41 39 4 19 17 0.13940680364499913 20 17 0.6152970515492291 19 18 0.045310423762196024 20 18 0.1999857210435758
41 40 4 19 18 0.8129542950543275 20 18 0.16598750991989972 19 19 0.017487607542457 20 19 0.0035705874833159147
42 40 4 19 18 0.01822026346603943 20 18 0.3149968663185984 19 19 0.03645958891074384 20 19 0.6303232813046183
42 41 4 19 19 0.3904440616419422 20 19 0.16701101792271483 19 20 0.3099604659244016 20 20 0.13258445451094136
43 42 4 19 20 0.07755188299442643 20 20 0.05841647116064025 19 21 0.49281526954153415 20 21 0.3712163763033991
44 43 4 19 22 0.31460753661731267 20 22 0.399874092128184 19 23 0.12572224088824455 20 23 0.1597961303662588
45 44 4 19 23 0.09091409246907085 20 23 0.20208081086680676 19 24 0.2193783100061032 20 24 0.4876267866580192
45 45 4 19 24 0.49448344070803996 20 24 0.022749412407828146 19 25 0.46153363695672334 20 25 0.02123350992740861
46 45 4 19 25 0.15709373053043607 20 25 0.7144144473958428 19 26 0.023161296914326102 20 26 0.10533052515939505
46 46 4 19 25 0.07908435809121919 20 25 0.01666176961505857 19 26 0.7468953445431036 20 26 0.15735852775061873
47 46 4 19 26 0.022599020881471192 20 26 0.4274224316352173 19 27 0.027618631532850397 20 27 0.522359915950461
47 47 4 19 27 0.4692456578431725 20 27 0.2050137444535065 19 28 0.22669666976073832 20 28 0.09904392794258264
48 48 4 19 28 0.143045309725704 20 28 0.10972736716144205 19 29 0.42285964284782357 20 29 0.3243676802650303
49 49 4 19 30 0.36233059391613714 20 30 0.46895535756138146 19 31 0.07353698362698707 20 31 0.0951770648954943
50 50 4 19 31 0.12532898029792783 20 31 0.28447024577002916 19 32 0.18050122221481318 20 32 0.40969955171722977
50 51 4 19 32 0.6033211673227064 20 32 0.030716008525241145 19 33 0.3482337103795952 20 33 0.01772911377245729
51 51 4 19 33 0.17373824892683068 20 33 0.8145742517314989 19 34 0.002054578555469774 20 34 0.009632920786200679
51 52 4 19 33 0.17461391523590442 20 33 0.03793653520245272 19 34 0.6469035874359853 20 34 0.1405459621256576
52 52 4 19 34 0.02593536980791642 20 34 0.5408904054408573 19 35 0.019820082644000862 20 35 0.4133541421072253
52 53 4 19 35 0.5470048455554714 20 35 0.24405887947331578 19 36 0.14447528208603522 20 36 0.0644609928851777
53 54 4 19 36 0.20749632796794323 20 36 0.16208067165123916 19 37 0.3539464246431514 20 37 0.27647657573766615
54 55 4 19 38 0.40901124272599987 20 38 0.5390790314835981 19 39 0.02239413485472001 20 39 0.029515590935682
55 56 4 19 39 0.15870145963774002 20 39 0.36790208916224487 19 40 0.14266654291253936 20 40 0.3307299082874757
55 57 4 19 40 0.7111164854483326 20 40 0.03972501313165122 19 41 0.235976192291536 20 41 0.01318230912848021
56 57 4 19 40 0.018009731314371384 20 40 0.08710709207602318 19 41 0.1533208962054961 20 41 0.7415622804041093
