fracture_grid_00005
2D
833
48 81 2 0 3 0.5493926421099121 0 2 0.4506073578900879
46 86 2 2 7 0.35835800779745297 2 8 0.641641992202547
40 93 2 3 17 0.44983817100716506 2 17 0.550161828992835
44 90 2 4 12 0.316690434218594 3 12 0.683309565781406
51 85 2 5 3 0.583755094678648 5 4 0.41624490532135205
41 98 2 7 20 0.67523525788836 6 20 0.32476474211163997
45 95 2 8 15 0.5420875210997601 7 15 0.4579124789002399
46 100 2 12 18 0.7674846079809949 11 18 0.23251539201900506
52 104 2 19 16 0.22880453498295042 19 17 0.7711954650170496
64 94 2 21 1 0.8970380807954831 20 1 0.10296191920451694
57 103 2 22 12 0.45420162186412744 22 13 0.5457983781358726
52 107 2 22 19 0.08513104495474914 21 19 0.9148689550452509
55 108 2 24 17 0.361952271771507 24 18 0.638047728228493
62 102 2 25 8 0.679598708745308 25 9 0.32040129125469197
65 99 2 25 4 0.8775648323233544 26 4 0.12243516767664567
60 107 2 27 13 0.5873493586526731 27 14 0.4126506413473269
67 101 2 28 4 0.9049957956264851 28 5 0.09500420437351492
58 112 2 29 18 0.495100008560078 29 19 0.5048999914399219
65 106 2 30 9 0.8127464455338647 30 10 0.1872535544661354
70 101 2 31 2 0.21468451776925168 30 2 0.7853154822307483
63 111 2 32 14 0.7204970954412298 32 15 0.2795029045587703
70 105 2 33 4 0.03814353241502722 33 5 0.9618564675849728
71 106 2 35 5 0.44008160465045765 34 5 0.5599183953495424
68 110 2 35 10 0.9458941823223923 35 11 0.05410581767760769
75 103 2 35 0 0.6930661321381278 36 0 0.30693386786187216
75 104 2 36 0 0.26354061929621875 36 1 0.7364593807037813
72 111 2 39 8 0.6654786915316382 38 8 0.3345213084683618
76 108 2 40 3 0.5323309547430527 39 3 0.4676690452569473
73 116 2 43 11 0.8908757784127863 42 11 0.10912422158721363
50 80 4 0 0 0.12708839278891373 1 0 0.4574287366371366 0 1 0.09033618964155239 1 1 0.32514668093239724
49 80 4 0 1 0.8492068487877835 1 1 0.03814784218985969 0 2 0.10780262828183076 1 2 0.004842680740526012
49 81 4 0 1 0.03839754397621308 1 1 0.10937225236226754 0 2 0.22144949464499403 1 2 0.6307807090165254
48 82 4 0 3 0.21492040076682137 1 3 0.49610206248409294 0 4 0.08734909404515566 1 4 0.20162844270393004
47 83 4 0 4 0.09454042972752764 1 4 0.17973470043581685 0 5 0.2501515212751904 1 5 0.47557334856146516
46 84 4 0 6 0.32421907667305766 1 6 0.5133087204027205 0 7 0.06289533052043018 1 7 0.09957687240379161
45 85 4 0 7 0.17214998340718873 1 7 0.22863048058103413 0 8 0.25738687997706905 1 8 0.3418326560347081
44 86 4 0 9 0.45498442050765064 1 9 0.5090487103929915 0 10 0.016974899067377036 1 10 0.018991970031980852
43 87 4 0 10 0.27122620501516953 1 10 0.25605959279790635 0 11 0.2431555707506172 1 11 0.229558631436307
42 88 4 0 11 0.05041220031401658 1 11 0.04012626441150387 0 12 0.506392031642511 1 12 0.40306950363196853
41 89 4 0 13 0.3917690945514937 1 13 0.2620220370864748 0 14 0.20745759359580376 1 14 0.13875127476622764
40 90 4 0 14 0.139265967623741 1 14 0.0777778309266578 0 15 0.5023831767142976 1 15 0.28057302473530366
39 91 4 0 16 0.533778652016132 1 16 0.24651781344670057 0 17 0.15029294851267652 1 17 0.06941058602449099
38 92 4 0 17 0.2495864028617861 1 17 0.0939627295134766 0 18 0.4769076538577634 1 18 0.179543213766974
38 93 4 0 18 0.01771524847071425 1 18 0.5862489892653894 0 19 0.011616369800456897 1 19 0.38441939246343954
37 93 4 0 19 0.6972548774091362 1 19 0.20954692187857474 0 20 0.07166163550121211 1 20 0.021536565211077045
37 94 4 0 19 0.011998494227446189 1 19 0.15521841042108758 0 20 0.05975558023449486 1 20 0.7730275151169713
50 81 4 1 1 0.4395862559897694 2 1 0.40534597879711837 1 2 0.08067588799227861 2 2 0.07439187722083361
49 82 4 1 2 0.2296793582092617 2 2 0.17850554349005626 1 3 0.33300524196355613 2 3 0.25880985633712583
48 83 4 1 4 0.5878237275836298 2 4 0.38361384102812185 1 5 0.01728332877992906 2 5 0.01127910260831926
47 84 4 1 5 0.346227707576535 2 5 0.18846252794765037 1 6 0.3013018049777938 2 6 0.16400795949802086
46 85 4 1 6 0.06757589836075918 2 6 0.030367004075870844 1 7 0.6223760703843106 2 7 0.27968102717905935
45 86 4 1 8 0.48424272487215414 2 8 0.17695284447689508 1 9 0.2481317000637144 2 9 0.09067273058723632
44 87 4 1 9 0.17390179342976916 2 9 0.050546442831710295 1 10 0.6008950876968693 2 10 0.17465667604165122
45 87 4 1 9 0.03245174262458471 2 9 0.889158932085302 1 10 0.002760243862876687 2 10 0.07562908142723666
44 88 4 1 10 0.03764209530194054 2 10 0.44722124632039073 1 11 0.039992347376261846 2 11 0.4751443110014068
43 88 4 1 11 0.6437244100960984 2 11 0.1439764930778292 1 12 0.17349492722128104 2 12 0.03880416960479133
43 89 4 1 11 0.00577665877063689 2 11 0.04233934976412811 1 12 0.1142802400983354 2 12 0.8376037513668996
42 89 4 1 12 0.30169435642712467 2 12 0.049259213659233185 1 13 0.5579474370810247 2 13 0.09109899283261744
42 90 4 1 13 0.09933478809036969 2 13 0.5120338873568147 1 14 0.06314456696934363 2 14 0.3254867575834721
41 90 4 1 14 0.8246727632483608 2 14 0.0895334737504307 1 15 0.07739148645052954 2 15 0.008402276550678931
41 91 4 1 14 0.03578022933248164 2 14 0.1388411130271617 1 15 0.16912158191800153 2 15 0.656257075722355
40 91 4 1 15 0.45095358735281127 2 15 0.0265053165584249 1 16 0.4935331185368489 2 16 0.029007977551914844
39 92 4 1 16 0.04017862224856495 2 16 0.0005329485751049274 1 17 0.9467305398318363 2 17 0.012557889344493815
40 92 4 1 16 0.18249414880713552 2 16 0.5553798604649416 1 17 0.06483011863408866 2 17 0.19729587209383426
39 93 4 1 17 0.08725046782265342 2 17 0.21387620836185386 1 18 0.2024962558093407 2 18 0.496377068006152
38 94 4 1 19 0.28712017745223023 2 19 0.5772591656447252 1 20 0.045049002370504874 2 20 0.09057165453253971
51 81 4 2 0 0.4232009783847525 3 0 0.11889369485054244 2 1 0.35747627095811846 3 1 0.1004290558065866
50 82 4 2 1 0.08671136465433299 3 1 0.01863597549337773 2 2 0.7363883408793078 3 2 0.15826431897298146
51 82 4 2 1 0.06702145240043594 3 1 0.7354883261956819 2 2 0.016493358494056698 3 2 0.18099686290982542
50 83 4 2 2 0.046063122789760054 3 2 0.31969932271880247 2 3 0.07987414429547358 3 3 0.5543634101959639
49 83 4 2 3 0.5786881234396456 3 3 0.08991188362051322 2 4 0.28683403828473614 3 4 0.04456595465510496
48 84 4 2 4 0.2105093874826486 3 4 0.021343286489940442 2 5 0.6974352304325031 3 5 0.07071209559490783
49 84 4 2 4 0.15640872724642424 3 4 0.7726063851745719 2 5 0.011950996029579296 3 5 0.059033891549424476
48 85 4 2 5 0.10376127540915409 3 5 0.3885065039242723 2 6 0.10702090405759045 3 6 0.40071131660898307
47 85 4 2 6 0.7556419364228905 3 6 0.03946340446213227 2 7 0.19472513768303112 3 7 0.010169521431946119
47 86 4 2 6 0.01405803436322563 3 6 0.041462411882634505 2 7 0.2391466012942888 3 7 0.7053329524598511
46 87 4 2 8 0.18292609595689577 3 8 0.43584701720139807 2 9 0.11270099589138857 3 9 0.2685258909503176
45 88 4 2 9 0.061533732684364545 3 9 0.1204920473863595 2 10 0.2765158153546897 3 10 0.5414584045745864
44 89 4 2 11 0.28355758443297824 3 11 0.46172086255019384 2 12 0.09691441979684588 3 12 0.1578071332199819
43 90 4 2 12 0.13047609893383058 3 12 0.17805501496175738 2 13 0.2924183614867345 3 13 0.39905052461767754
42 91 4 2 14 0.40565574083736056 3 14 0.4661280399706611 2 15 0.05966117577397445 3 15 0.06855504341800392
41 92 4 2 15 0.22088513311163524 3 15 0.21415131460884548 2 16 0.28685423969042984 3 16 0.2781093125890895
39 94 4 2 18 0.3327608352177533 3 18 0.22878094632758034 2 19 0.25982344996582263 3 19 0.1786347684888437
38 95 4 2 19 0.07924531605678257 3 19 0.04554913240099575 2 20 0.5557614253175633 3 20 0.3194441262246584
52 82 4 3 0 0.1718522237632302 4 0 0.3278199932812914 3 1 0.1720776924920854 4 1 0.32825009046339304
51 83 4 3 1 0.024311178202662473 4 1 0.03861370575429279 3 2 0.3620411942433941 4 2 0.5750339217996506
50 84 4 3 3 0.26848917207025613 4 3 0.3576883787991473 3 4 0.16028565656657034 4 4 0.21353679256402625
49 85 4 3 4 0.08925900428310027 4 4 0.10017121349873334 3 5 0.3819382805444961 4 5 0.42863150167367026
48 86 4 3 6 0.3865927883056108 4 6 0.3660900963886421 3 7 0.12702695271274458 4 7 0.12029016259300256
47 87 4 3 7 0.17567349829186504 4 7 0.14026205331483246 3 8 0.38036869891726016 4 8 0.30369574947604233
46 88 4 3 9 0.5261630724692977 4 9 0.35302514604983354 3 10 0.07230158093056852 4 10 0.048510200550300274
45 89 4 3 10 0.2835546602289772 4 10 0.15888622520259865 3 11 0.35733244936168784 4 11 0.2002266652067364
43 91 4 3 13 0.41290249009439295 4 13 0.1560437291620358 3 14 0.3128295318777829 4 14 0.11822424886578829
42 92 4 3 14 0.10154916641876983 4 14 0.030649719750103617 3 15 0.666605311744147 4 15 0.2011958020869795
43 92 4 3 14 0.02369450763501248 4 14 0.8056668169822537 3 15 0.0048750758887273395 4 15 0.16576359949400646
42 93 4 3 15 0.02787246807914941 4 15 0.36474152345056143 3 16 0.043119571635360295 4 16 0.5642664368349288
41 93 4 3 16 0.563716987888168 4 16 0.13173456519315369 3 17 0.24685994646551884 4 17 0.057688500453159555
40 94 4 3 17 0.22067454198594186 4 17 0.03802967800780995 3 18 0.6323248485584859 4 18 0.10897093144776228
41 94 4 3 17 0.10840913521985229 4 17 0.8474575232222923 3 18 0.005005360685398429 4 18 0.03912798087245703
40 95 4 3 18 0.08089797343739995 4 18 0.43822135191717837 3 19 0.07493897865862066 4 19 0.40594169598680113
39 95 4 3 19 0.7359981536102507 4 19 0.08595873329593486 3 20 0.15942369312494703 4 20 0.018619419968867464
39 96 4 3 19 0.01633102244626166 4 19 0.06604096982076123 3 20 0.18192838584049995 4 20 0.7356996218924772
52 83 4 4 1 0.4915997604251144 5 1 0.2684875619802481 4 2 0.1551677173817831 5 2 0.08474496021285446
51 84 4 4 2 0.22284266589674595 5 2 0.10049732342106116 4 3 0.4663472681009215 5 3 0.2103127425812715
50 85 4 4 4 0.6486421723480963 5 4 0.23795048388214446 4 5 0.08297021784031205 5 5 0.030437125929447178
50 86 4 4 4 0.005064410292221991 5 4 0.14194335129884172 4 5 0.029385541447808076 5 5 0.8236066969611283
49 86 4 4 5 0.3481959555931179 5 5 0.10164936754953859 4 6 0.4258388907860603 5 6 0.12431578607128319
48 87 4 4 6 0.01069394962947878 5 6 0.002404040425625908 4 7 0.8057633529404694 5 7 0.18113865700442594
49 87 4 4 6 0.05459942939702563 5 6 0.6556609991064718 4 7 0.022272978533774326 5 7 0.26746659296272823
48 88 4 4 7 0.03262870755310687 5 7 0.24088438786283517 4 8 0.08666615656843409 5 8 0.6398207480156238
47 88 4 4 8 0.49501591321784405 5 8 0.08133474374969432 4 9 0.36386384554284507 5 9 0.05978549748961654
46 89 4 4 9 0.1258247850276016 5 9 0.013778538852366986 4 10 0.7754774299238575 5 10 0.08491924619617398
47 89 4 4 9 0.1353195168128329 5 9 0.7014462455155429 4 10 0.026397803499477932 5 10 0.1368364341721463
46 90 4 4 10 0.08165967274232 5 10 0.31835875649848594 4 11 0.12248010376073187 5 11 0.47750146699846213
45 90 4 4 11 0.6633025387709054 5 11 0.03955345202149696 4 12 0.2804221323713236 5 12 0.016721876836274116
44 91 4 4 12 0.26242228835406084 5 12 0.0036863693507716475 4 13 0.7237248389789379 5 13 0.010166503316229534
45 91 4 4 12 0.23750627215699566 5 12 0.7257648239962441 4 13 0.009055960536854988 5 13 0.02767294330990535
44 92 4 4 13 0.15215730585987808 5 13 0.37436645720579526 4 14 0.1368273830247136 5 14 0.336648853909613
43 93 4 4 14 0.029752550354106188 5 14 0.06002387962401182 4 15 0.30165459472125533 5 15 0.6085689753006267
42 94 4 4 16 0.24412160690575258 5 16 0.40890748998478466 4 17 0.12970799436034994 5 17 0.21726290874911278
41 95 4 4 17 0.09002772917339254 5 17 0.12625403462958937 4 18 0.3262243282834799 5 18 0.45749390791353817
40 96 4 4 19 0.3575525758799691 5 19 0.421981854835461 4 20 0.10112193776764435 5 20 0.11934363151692562
53 83 4 5 0 0.41480901920415514 6 0 0.04244074164961097 5 1 0.4923735639635941 6 1 0.05037667518263975
52 84 4 5 1 0.019469208725867368 6 1 0.0010332190403324433 5 2 0.9301358306326518 6 2 0.04936174160114839
53 84 4 5 1 0.1507240790623998 6 1 0.5669407871522072 5 2 0.05929606565697121 6 2 0.22303906812842178
52 85 4 5 2 0.07091555270384546 6 2 0.2100019804232062 5 3 0.18152704820626653 6 3 0.5375554186666818
51 86 4 5 4 0.24891629423750147 6 4 0.5952539058019694 5 5 0.04594876286338042 6 5 0.10988103709714869
50 87 4 5 5 0.13741864565236223 6 5 0.2700042212995389 5 6 0.19986886763928957 6 6 0.3927082654088094
49 88 4 5 7 0.36857517734093737 6 7 0.6021003565234119 5 8 0.011134792141455411 6 8 0.01818967399419535
48 89 4 5 8 0.2253884065292108 6 8 0.30853979424757216 5 9 0.19674401914395187 6 9 0.26932778007926517
47 90 4 5 9 0.04514584650878736 6 9 0.05203502118041134 5 10 0.4194090353551163 6 10 0.48341009695568493
46 91 4 5 11 0.3348248353343748 6 11 0.325608699267272 5 12 0.1721525027202878 6 12 0.16741396267806538
45 92 4 5 12 0.12289315308737628 6 12 0.10079304842670075 5 13 0.42650664115805625 6 13 0.3498071573278667
44 93 4 5 14 0.46572793206789614 6 14 0.3212109363586146 5 15 0.12609431836830623 6 15 0.08696681320518303
43 94 4 5 15 0.22210712759429468 6 15 0.12808440774466073 5 16 0.41213757903264875 6 16 0.23767088562839583
42 95 4 5 17 0.6180976967297273 6 17 0.2953465055216475 5 18 0.05856946608798613 6 18 0.027986331660639213
41 96 4 5 18 0.34278777002954425 6 18 0.13390909913428956 5 19 0.3763018489789101 6 19 0.14700128185725614
40 97 4 5 19 0.03042205412068469 6 19 0.00952748195558275 5 20 0.7310900210785395 6 20 0.22896044284519307
41 97 4 5 19 0.016162787358396696 6 19 0.7209491871662779 5 20 0.005764393201679324 6 20 0.25712363227364604
54 84 4 6 0 0.19514938680922422 7 0 0.21967791785378646 6 1 0.2752858632709408 7 1 0.3098868320660486
53 85 4 6 2 0.5016158507717695 7 2 0.4764641208036749 6 3 0.011241855499212326 7 3 0.01067817292534331
52 86 4 6 3 0.30059127544538194 7 3 0.2407413630424961 6 4 0.2546888870163408 7 4 0.20397847449578116
51 87 4 6 4 0.06251091091033492 7 4 0.042074394489973334 6 5 0.5351917077421576 7 5 0.360222986857534
50 88 4 6 6 0.4274998320098473 7 6 0.24033814030289458 6 7 0.21262524283338632 7 7 0.11953678485387174
49 89 4 6 7 0.15773034524822077 7 7 0.07336029397696583 6 8 0.5248171857857828 7 8 0.2440921749890306
48 90 4 6 9 0.5758750565026415 7 9 0.2184682496349644 6 10 0.1490949307221031 7 10 0.05656176314029106
48 91 4 6 9 0.0015226971986577144 7 9 0.05323571429978553 6 10 0.026284851577679666 7 10 0.918956736923877
47 91 4 6 10 0.27441644751442673 7 10 0.0831795255356238 6 11 0.49297599590108765 7 11 0.14942803104886176
47 92 4 6 11 0.04340292110650638 7 11 0.574608157304385 6 12 0.026827083860572015 7 12 0.3551618377285366
46 92 4 6 12 0.745716948923776 7 12 0.1751316910387082 6 13 0.06409795068247942 7 13 0.015053409355036362
46 93 4 6 12 0.020419807029361588 7 12 0.16084393829396 6 13 0.09223265412848669 7 13 0.7265036005481917
45 93 4 6 13 0.41256921770897537 7 13 0.07153208916593905 6 14 0.43966813808807875 7 14 0.07623055503700672
44 94 4 6 14 0.042365697285463855 7 14 0.0049882765018842675 6 15 0.8522941147023314 7 15 0.10035191151032051
45 94 4 6 14 0.11545582109214948 7 14 0.6290605911436058 6 15 0.03961909625646868 7 15 0.215864491507776
44 95 4 6 15 0.060783584788402685 7 15 0.24698549435978281 6 16 0.1367137887509854 7 16 0.5555171321008291
43 95 4 6 16 0.5721886558318457 7 16 0.038417984867936114 6 17 0.3648936123467194 7 17 0.02449974695349876
42 96 4 6 17 0.17029601318173815 7 17 0.003563294430473878 6 18 0.809208711187568 7 18 0.016931981200219992
43 96 4 6 17 0.2089753890061035 7 17 0.6620463570545158 6 18 0.030944440724025593 7 18 0.09803381321535522
42 97 4 6 18 0.12261403047577134 7 18 0.3116603824972925 6 19 0.15972825544512761 7 19 0.40599733158180856
55 85 4 7 0 0.012545543622974643 8 0 0.3598593048492805 7 1 0.021142373369624094 8 1 0.6064527781581207
54 85 4 7 1 0.52214659693216 8 1 0.15309581309169146 7 2 0.2511262146996157 8 2 0.07363137527653273
53 86 4 7 2 0.194539305655899 8 2 0.04395577128038276 7 3 0.6211559621666468 8 3 0.14034896089707155
54 86 4 7 2 0.07121324266775106 8 2 0.8644442727169234 7 3 0.004897130515617581 8 3 0.05944535409970795
53 87 4 7 3 0.059137235511259184 8 3 0.43977294678585993 7 4 0.05939559386290823 8 4 0.44169422383997264
52 87 4 7 4 0.6879939491842705 8 4 0.113753794664445 7 5 0.17012377482904514 8 5 0.028128481322239406
52 88 4 7 4 0.010005439146051915 8 4 0.05215741006350091 7 5 0.15094984641885648 8 5 0.7868873043715907
51 88 4 7 5 0.32869753568139676 8 5 0.036302875079748866 7 6 0.5718426445226598 8 6 0.06315694471619453
51 89 4 7 6 0.12719559532785163 8 6 0.49821992079413485 7 7 0.07618214642782667 8 7 0.2984023374501868
50 89 4 7 7 0.8753079693647036 8 7 0.05294510830889014 7 8 0.06765466703012284 8 8 0.004092255296283373
50 90 4 7 7 0.046374676736050904 8 7 0.14229350629836585 7 8 0.19942552121036838 8 8 0.6119062957552148
49 90 4 7 8 0.4843224336352233 8 8 0.007183310950786242 7 9 0.5010626589503442 8 9 0.007431596463646268
49 91 4 7 9 0.21672062307277243 8 9 0.5352002268740779 7 10 0.0715020310644168 8 10 0.17657711898873277
48 92 4 7 10 0.10421058225438339 8 10 0.21096293460491167 7 11 0.2264345280735468 8 11 0.45839195506715813
47 93 4 7 12 0.3277123187460273 8 12 0.5507138650257014 7 13 0.045355247772672795 8 13 0.07621856845559842
46 94 4 7 13 0.18351315570103505 8 13 0.2581656949831095 7 14 0.23197686700840606 8 14 0.32634428230744944
44 96 4 7 16 0.28428239707603936 8 16 0.28390178743298694 7 17 0.21605253801493055 8 17 0.2157632774760431
43 97 4 7 17 0.07133832259579541 8 17 0.06009852882566117 7 18 0.4714190686859444 8 18 0.39714407989259903
42 98 4 7 19 0.4065183063793656 8 19 0.2881712119545392 7 20 0.1786615410931153 8 20 0.12664894057297996
55 86 4 8 1 0.21296003779600928 9 1 0.41985991603707234 8 2 0.12356544074821114 9 2 0.2436146054187072
54 87 4 8 2 0.07430131468959421 9 2 0.12177130605593207 8 3 0.3046466200453961 9 3 0.49928075920907755
53 88 4 8 4 0.31995719330024996 9 4 0.43936809435771007 8 5 0.10141319762551028 9 5 0.1392615147165297
52 89 4 8 5 0.14960934796722797 9 5 0.1729686066031622 8 6 0.31418349914930216 9 6 0.36323854628030766
51 90 4 8 7 0.44842101673278645 9 7 0.43740960475003743 8 8 0.05779428657447369 9 8 0.056375091942702404
50 91 4 8 8 0.24638404917317988 9 8 0.2026992392220742 8 9 0.3022537103248502 9 9 0.24866300127989577
49 92 4 8 9 0.0072912924048889926 9 9 0.005044662902798809 8 10 0.5837689232838821 9 10 0.4038951214084301
48 93 4 8 11 0.36462541830747547 9 11 0.2109632039126605 8 12 0.2688572535720655 9 12 0.15555412420779852
47 94 4 8 12 0.09384353931259017 9 12 0.04499774981997598 8 13 0.5820615887576918 9 13 0.2790971221097421
46 95 4 8 14 0.5043334553700796 9 14 0.19776050067490591 8 15 0.21399412889097236 9 15 0.08391191506404222
45 96 4 8 15 0.2018624541486192 9 15 0.06348416880881085 8 16 0.5588875863032025 9 16 0.1757657907393674
46 96 4 8 15 0.02037164463064633 9 15 0.9421374167751909 8 16 0.0007935011819983636 9 16 0.03669743741216441
45 97 4 8 16 0.03343192752894479 9 16 0.49232980078932614 8 17 0.030155674474498684 9 17 0.44408259720723037
44 97 4 8 17 0.665508160361057 9 17 0.16309112950880678 8 18 0.13766433628153468 9 18 0.033736373848601564
44 98 4 8 17 0.009436421218526765 9 17 0.07957797401217437 8 18 0.09657363697565771 9 18 0.8144119677936411
43 98 4 8 18 0.33134803691297293 9 18 0.060503919869320986 8 19 0.5142469159203596 9 19 0.09390112729734634
43 99 4 8 19 0.09681764008439278 9 19 0.555449422058742 8 20 0.05161487430056158 9 20 0.2961180635563036
56 86 4 9 0 0.19697988192689886 10 0 0.1330025103545865 9 1 0.39996070197816247 10 1 0.27005690574035224
55 87 4 9 2 0.5711014829664038 10 2 0.3221335762275152 9 3 0.0682615571294274 10 3 0.038503383676653576
54 88 4 9 3 0.311226710892156 10 3 0.14526101521420767 9 4 0.37055878539441617 10 4 0.17295348849922013
53 89 4 9 4 0.014296149609241833 10 4 0.0054442434095555384 9 5 0.7099118028681292 10 5 0.27034780411307346
53 90 4 9 5 0.0075769494617092805 10 5 0.272578548917911 9 6 0.01946856456722566 10 6 0.700375937053154
52 90 4 9 6 0.44694020778574167 10 6 0.1360528521454749 9 7 0.31969020088237027 10 7 0.09731673918641309
51 91 4 9 7 0.11832052427623364 10 7 0.027925202567427632 9 8 0.6907323405826483 10 8 0.1630219325736905
52 91 4 9 7 0.058589853309565294 10 7 0.7848183119825031 9 8 0.01087811691013953 10 8 0.14571371779779202
51 92 4 9 8 0.04550145391978812 10 8 0.3611593782847105 9 9 0.06638897249065771 10 9 0.5269501953048435
50 92 4 9 9 0.6041203726076627 10 9 0.10537802114843225 9 10 0.24735494844196015 10 10 0.04314665780194486
49 93 4 9 10 0.24381156687156708 10 10 0.02893949379697253 9 11 0.6500862103688257 10 11 0.07716272896263468
50 93 4 9 10 0.14967014792256553 10 10 0.8202433511943669 9 11 0.004642734678650191 10 11 0.025443766204417455
49 94 4 9 11 0.10489262630619882 10 11 0.42827353972318166 9 12 0.09184271248575791 10 12 0.37499112148486163
48 94 4 9 12 0.7827672053579013 10 12 0.05323652222305747 9 13 0.1535530280732324 10 13 0.01044324434580873
48 95 4 9 12 0.02305931548116788 10 12 0.07335951746062838 9 13 0.21609847950155875 10 13 0.687482687556645
47 95 4 9 13 0.39076927739520345 10 13 0.008487117098185634 9 14 0.5879734122267002 10 14 0.012770193279910675
47 96 4 9 14 0.18575046662093217 10 14 0.4739210332332977 9 15 0.09582978455253545 10 15 0.2444987155932346
46 97 4 9 15 0.07222803356931935 10 15 0.15069613319735523 9 16 0.2517746737949182 10 16 0.5253011594384073
45 98 4 9 17 0.28807497486401984 10 17 0.498101858815074 9 18 0.07835018869098759 10 18 0.13547297762991856
44 99 4 9 18 0.1428634195858062 10 18 0.2065660810057323 9 19 0.26598420015997115 10 19 0.3845862992484904
57 87 4 10 0 0.046065160967248275 11 0 0.24149477512348164 10 1 0.11412808985025767 11 1 0.5983119740590124
56 87 4 10 1 0.5312267655108616 11 1 0.05917073213146459 10 2 0.36855137994579257 11 2 0.04105112241188126
55 88 4 10 2 0.14476927748672636 11 2 0.008880887068044485 10 3 0.7974313241606688 11 3 0.04891851128456036
56 88 4 10 2 0.17238799708901292 11 2 0.6784246059141507 10 3 0.03022770991923403 11 3 0.11895968707760239
55 89 4 10 3 0.10146179318462577 11 3 0.31260347673098243 10 4 0.14357637001439108 11 4 0.44235836007000073
54 89 4 10 4 0.7058790580920776 11 4 0.011023773375126915 10 5 0.2787439997460874 11 5 0.0043531687867080365
54 90 4 10 5 0.28094041946130505 11 5 0.6963775173667225 10 6 0.006520199928452836 11 6 0.016161863243519682
53 91 4 10 6 0.1783250933303417 11 6 0.3622455104101195 10 7 0.15155798225021494 11 7 0.3078714140093239
52 92 4 10 7 0.038653977990665465 11 7 0.06516929266224036 10 8 0.33365155378063216 11 8 0.562525175566462
51 93 4 10 9 0.276655061404383 11 9 0.39042087616095644 10 10 0.1380729265576845 11 10 0.194851135876976
50 94 4 10 10 0.105294823838109 11 10 0.12503378063966075 10 11 0.3518556203146995 11 11 0.41781577520753077
49 95 4 10 12 0.39645169740674835 11 12 0.397129573983455 10 13 0.10312120293683007 11 13 0.10329752567296649
48 96 4 10 13 0.19340233761387737 11 13 0.16343160068875628 10 14 0.34859301892043115 11 14 0.2945730427769352
47 97 4 10 15 0.5377150013374409 11 15 0.38237160387764096 10 16 0.0467028113876376 11 16 0.03321058339728063
46 98 4 10 16 0.302976519317986 11 16 0.18036275280952596 10 17 0.3238637495978334 11 17 0.1927969782746546
45 99 4 10 17 0.03118224808986581 11 17 0.015409690950065428 10 18 0.6380804770167523 11 18 0.31532758394331645
44 100 4 10 19 0.43401736895043574 11 19 0.1758272370019437 10 20 0.2776678123469235 11 20 0.11248758170069713
58 87 4 11 0 0.41418245924692715 12 0 0.5705399152922098 11 1 0.0064258969314017495 12 1 0.008851728529461199
57 88 4 11 1 0.25372932860129555 12 1 0.29424571285027523 11 2 0.20930148376777433 12 2 0.24272347478065492
56 89 4 11 2 0.05622040874701421 12 2 0.05500729961700119 11 3 0.4492328598128435 12 3 0.4395394318231411
55 90 4 11 4 0.3695314244346325 12 4 0.3049489508418022 11 5 0.1783443003159663 12 5 0.14717532440759903
54 91 4 11 5 0.14033338235374457 12 5 0.09739965983512028 11 6 0.4499647985876241 12 6 0.31230215922351107
53 92 4 11 7 0.5068001881963206 12 7 0.29418552090499245 11 8 0.125920448935818 12 8 0.073093841962869
52 93 4 11 8 0.24591302388883124 12 8 0.11832535212491195 11 9 0.4292300694340772 12 9 0.20653155455217959
51 94 4 11 10 0.6655356198863099 12 10 0.26195542303986696 11 11 0.052029929627339495 12 11 0.02047902744648361
51 95 4 11 10 0.0038338700133418334 12 10 0.18407227827367245 11 11 0.01656924105190042 12 11 0.7955246106610852
50 95 4 11 11 0.3729593333522312 12 11 0.11778437648637587 11 12 0.387028672352188 12 12 0.1222276178092048
49 96 4 11 12 0.043327257609467755 12 12 0.010669119141573058 11 13 0.7590832042856925 12 13 0.1869204189632666
50 96 4 11 12 0.04719197866423762 12 12 0.7039668365352104 11 13 0.01563358859174564 12 13 0.23320759620880638
49 97 4 11 13 0.03309118704123936 12 13 0.2813202950706388 11 14 0.07215683640551378 12 14 0.6134316814826081
48 97 4 11 14 0.5214723107439629 12 14 0.09577673291951158 11 15 0.3233606073419673 12 15 0.059390348994558195
47 98 4 11 15 0.16015111277460373 12 15 0.020350597801300992 11 16 0.7271042615020675 12 16 0.09239402792202778
48 98 4 11 15 0.12960508584705543 12 15 0.7480590631772709 11 16 0.018065393790438738 12 16 0.10427045718523492
47 99 4 11 16 0.08381517199746563 12 16 0.35710164393927646 11 17 0.10627776383079844 12 17 0.45280542023245957
46 99 4 11 17 0.6914519560640207 12 17 0.052302421424317735 11 18 0.23822587440342047 12 18 0.018019748108241158
45 100 4 11 18 0.29844163586809136 12 18 0.008565408532691735 11 19 0.6736586507901197 12 19 0.01933430480909726
45 101 4 11 19 0.15600582488204193 12 19 0.41141632487958196 11 20 0.1189320233277619 12 20 0.3136458269106142
58 88 4 12 0 0.17734370911623457 13 0 0.06779377078373987 12 1 0.5461022086136763 13 1 0.20876031148634935
58 89 4 12 1 0.013287680900427834 13 1 0.4922649043603875 12 2 0.012995798381104668 13 2 0.48145161635808004
57 89 4 12 2 0.6191204472327193 13 2 0.18926969957968878 12 3 0.14674792668796133 13 3 0.044861926499630535
57 90 4 12 2 0.004727329215968513 13 2 0.064077922957277 12 3 0.063978606256305 13 3 0.8672161415704495
56 90 4 12 3 0.300395478410594 13 3 0.07124733531424429 12 4 0.5078953517008277 13 4 0.12046183457433401
56 91 4 12 4 0.07023957998588155 13 4 0.5618183390997976 12 5 0.040888811677161845 13 5 0.32705326923715894
55 91 4 12 5 0.7953280066820005 13 5 0.13956747395527144 12 6 0.05538527962019098 13 6 0.009719239742536996
55 92 4 12 5 0.02999010607482917 13 5 0.16532047992328025 12 6 0.12356074177895522 13 6 0.6811286722229354
54 92 4 12 6 0.4449139156332952 13 6 0.05323423191642154 12 7 0.4482218268596374 13 7 0.05363002559064588
53 93 4 12 7 0.05744403537592341 13 7 0.003956779086226969 12 8 0.8781141633078079 13 8 0.06048502223004167
54 93 4 12 7 0.14865814699966684 13 7 0.6099051059108908 12 8 0.04731515704488746 13 8 0.19412159004455498
53 94 4 12 8 0.07671955086203129 13 8 0.24509636896095646 12 9 0.16167620937329288 13 9 0.5165078708037194
52 94 4 12 9 0.6108990207843207 13 9 0.013754460590248999 12 10 0.3670816340901517 13 10 0.008264884535278638
52 95 4 12 10 0.24854338194180073 13 10 0.6365252047936063 12 11 0.03227483448429333 13 11 0.08265657878029965
51 96 4 12 11 0.14491566357755428 13 11 0.3034055900702973 12 12 0.1783250090392808 13 12 0.3733537373128676
50 97 4 12 12 0.004232156004644614 13 12 0.007341764555640748 12 13 0.3614309728029604 13 13 0.6269951066367543
49 98 4 12 14 0.23457844422140153 13 14 0.340248143251303 12 15 0.17350714077694443 13 15 0.25166627175035094
48 99 4 12 15 0.06220581442190723 13 15 0.07587343996324204 12 16 0.38830222676720866 13 16 0.47361851884764217
47 100 4 12 17 0.34570789279358827 13 17 0.35562402850399477 12 18 0.14722260458626865 13 18 0.15144547411614834
46 101 4 12 18 0.14164614076750343 13 18 0.1229384474425242 12 19 0.3937068128031124 13 19 0.34170859898686
59 88 4 13 0 0.9270921617245665 14 0 0.015207756623800578 13 1 0.05676886136619602 14 1 0.0009312202854368146
59 89 4 13 0 0.05811811038317633 14 0 0.1445969133260282 13 1 0.22858047425920802 14 1 0.5687045020315874
58 90 4 13 2 0.2520960835819389 14 2 0.5138716070396994 13 3 0.07702495725118641 14 3 0.15700735212717534
57 91 4 13 3 0.12231968292967026 14 3 0.20690067460441267 13 4 0.24922381409422498 14 4 0.42155582837169214
56 92 4 13 5 0.3694534462833515 14 5 0.5230195781631649 13 6 0.04451250693128464 14 6 0.06301446862219875
55 93 4 13 6 0.20798792340449535 14 6 0.24773776795446592 13 7 0.24840048600091075 14 7 0.295873822640128
54 94 4 13 7 0.0094666113169411 14 7 0.009511746954439387 13 8 0.489344254279206 14 8 0.4916773874494134
53 95 4 13 9 0.31512283180764833 14 9 0.26710819337616587 13 10 0.22611048997928662 14 10 0.19165848483689918
52 96 4 13 10 0.08491239749350663 14 10 0.060571294602752214 13 11 0.4987433804841694 14 11 0.35577292741957184
51 97 4 13 12 0.44372440813913594 14 12 0.26501195086955665 13 13 0.18235382602930994 14 13 0.10890981496199753
50 98 4 13 13 0.1818248515983933 14 13 0.09016417432272941 13 14 0.4866758387607935 14 14 0.24133513531808373
49 99 4 13 15 0.5937926523989444 14 15 0.24144904043461202 13 16 0.11713049415101236 14 16 0.04762781301543122
49 100 4 13 15 0.001316305277881887 14 15 0.09434049291651193 13 16 0.01244440282366768 14 16 0.8918987989819384
48 100 4 13 16 0.3002039736316087 14 16 0.09829038611437789 13 17 0.45314162910908895 14 17 0.14836401114492434
48 101 4 13 17 0.03701961873186122 14 17 0.6218898463749662 13 18 0.019163545560458232 14 18 0.32192698933271424
47 101 4 13 18 0.7653275645870816 14 18 0.19641946207133876 13 19 0.030440494344386018 14 19 0.007812478997193636
47 102 4 13 18 0.021906434875599925 14 18 0.20025569714367222 13 19 0.07669918560746053 14 19 0.7011386823732674
46 102 4 13 19 0.4400497635931559 14 19 0.08494992997769822 13 20 0.3981407515290528 14 20 0.07685955490009316
60 89 4 14 0 0.49233527887178863 15 0 0.40754218328582315 14 1 0.054778411131436604 15 1 0.04534412671095168
59 90 4 14 1 0.27303195147825815 15 1 0.1900981775917693 14 2 0.31650419471570806 15 2 0.22036567621426448
58 91 4 14 2 0.016672834876096047 15 2 0.00970996110639401 14 3 0.6152857675086401 15 3 0.3583314365088699
57 92 4 14 4 0.3976389876407201 15 4 0.19199647525420363 14 5 0.27674207093475695 15 5 0.13362246617031928
56 93 4 14 5 0.10959074881194955 15 5 0.043297380995404436 14 6 0.6072127659542975 15 6 0.23989910423834857
56 94 4 14 6 0.008117720384336603 15 6 0.4051855147838547 14 7 0.011523355933474325 15 7 0.5751734088983343
55 94 4 14 7 0.5437126917315027 15 7 0.17242810498829939 14 8 0.21551327922548524 15 8 0.06834592405471261
54 95 4 14 8 0.2239753306761317 15 8 0.055418132956086115 14 9 0.5776730964716261 15 9 0.142933439896156
55 95 4 14 8 0.06060850897522734 15 8 0.9159473931053977 14 9 0.0014550235333534798 15 9 0.02198907438602148
54 96 4 14 9 0.05640243203960582 15 9 0.4834061369534529 14 10 0.048083556659716004 15 10 0.4121078743472253
53 96 4 14 10 0.7112530637506164 15 10 0.13139306679403512 14 11 0.13281781958791133 15 11 0.024536049867437095
53 97 4 14 10 0.015140565895331361 15 10 0.08792067001017202 14 11 0.13176787899478923 15 11 0.7651708850997074
52 97 4 14 11 0.3598265804686672 15 11 0.046072216988429 14 12 0.5266667590606304 15 12 0.06743444348227334
52 98 4 14 12 0.12615381162322567 15 12 0.5401600911947113 14 13 0.06317708945763593 15 13 0.270509007724427
51 98 4 14 13 0.9002601036980492 15 13 0.0688913606714663 14 14 0.0286556920219895 15 14 0.002192843608495028
51 99 4 14 13 0.053202823252341366 15 13 0.17636374647801148 14 14 0.17855053401929014 15 14 0.5918828962503571
50 99 4 14 14 0.5171444981895011 15 14 0.015259633092448033 14 15 0.45419375372130744 15 15 0.013402114996743403
50 100 4 14 15 0.21737185913515716 15 15 0.5754473775076437 14 16 0.05680395432721534 15 16 0.15037680902998368
49 101 4 14 16 0.11273174853768682 15 16 0.2433401550175444 14 17 0.2038665211154556 15 17 0.44006157532931317
48 102 4 14 18 0.3300565745754122 15 18 0.5892679958922383 14 19 0.0289641512684712 15 19 0.05171127826387835
47 103 4 14 19 0.1937273417513576 15 19 0.2888498956287375 14 20 0.20771584028329565 15 20 0.3097069223366091
60 90 4 15 0 0.13624086837722407 16 0 0.02405169914121058 15 1 0.7137103831775651 16 1 0.1259970493040003
61 90 4 15 0 0.0946341852276395 16 0 0.7628208207392022 15 1 0.015732171688001444 16 1 0.12681282234515673
60 91 4 15 1 0.06427942600398412 16 1 0.3564282468752879 15 2 0.08850938710242673 16 2 0.4907829400183013
59 91 4 15 2 0.6456727435707037 16 2 0.07787249086016465 15 3 0.24670096417485535 16 3 0.029753801394276334
58 92 4 15 3 0.2680975780007239 16 3 0.01870032334260352 15 4 0.6666985859355761 16 4 0.04650351272109644
59 92 4 15 3 0.1920801468687985 16 3 0.7918801929229217 15 4 0.003131122428353325 16 4 0.012908537779926507
58 93 4 15 4 0.13003626541855862 16 4 0.41717674128560966 15 5 0.10759746006936313 16 5 0.34518953322646856
57 93 4 15 5 0.8306852433491265 16 5 0.01936532490663457 15 6 0.14653337677794337 16 6 0.0034160549662955054
57 94 4 15 5 0.030936594759625975 16 5 0.07952907885697254 15 6 0.24911958691903677 16 6 0.6404147394643647
56 95 4 15 7 0.2172597727614569 16 7 0.4564585677675753 15 8 0.10521886510797575 16 8 0.221062794362992
55 96 4 15 8 0.08647097987593118 16 8 0.15050002756553124 15 9 0.27843011418424246 16 9 0.4845988783742952
54 97 4 15 10 0.3259499480326839 16 10 0.47427372632121223 15 11 0.08137360221825965 16 11 0.1184027234278442
53 98 4 15 11 0.16347203292057563 16 11 0.20000430834575073 15 12 0.2862739735211378 16 12 0.3502496852125359
52 99 4 15 13 0.4561067912322664 16 13 0.4706222169464936 15 14 0.03606167140021694 16 14 0.03720932042102303
51 100 4 15 14 0.26193975389354435 16 14 0.22804192119766037 15 15 0.27265116492966907 16 15 0.23736715997912625
50 101 4 15 15 0.030716927346168026 16 15 0.02251741465747034 15 16 0.5462964476678152 16 16 0.4004692103285464
49 102 4 15 17 0.38187414279484144 16 17 0.23461286612123072 15 18 0.23756168840988295 16 18 0.14595130267404502
48 103 4 15 18 0.11896219402087381 16 18 0.06077748180762846 15 19 0.5428960933746203 16 19 0.2773642307968774
61 91 4 16 0 0.04870439187076953 17 0 0.06916571945690968 16 1 0.36449952659649315 17 1 0.5176303620758277
60 92 4 16 2 0.31033750214653 17 2 0.3707852760935829 16 3 0.14528887251147363 17 3 0.1735883492484135
59 93 4 16 3 0.12171090474637987 17 3 0.12266454040617766 16 4 0.3763379261023937 17 4 0.37928662874504876
58 94 4 16 5 0.43649980517705034 17 5 0.37112830688794096 16 6 0.10397148186245335 17 6 0.08840040607255541
57 95 4 16 6 0.2161840855503173 17 6 0.15469669342711856 16 7 0.3667096576799561 17 7 0.26240956334260795
56 96 4 16 8 0.5841287761359092 17 8 0.35000466975396044 16 9 0.04118742328510536 17 9 0.02467913082502506
55 97 4 16 9 0.33212393428257897 17 9 0.16526217851972078 16 10 0.33561472132920533 17 10 0.1669991658684948
54 98 4 16 10 0.04306330322057382 17 10 0.017575476494174118 16 11 0.6670978085819516 17 11 0.2722634117033005
54 99 4 16 11 0.004173274581177237 17 11 0.3168806104943936 16 12 0.00882539877296989 17 12 0.6701207161514592
53 99 4 16 12 0.46953045094319007 17 12 0.15436099568397713 16 13 0.2830531170501341 17 13 0.09305543632269868
52 100 4 16 13 0.1487806976545666 17 13 0.03836341588503079 16 14 0.6462253265294986 17 14 0.16663055993090403
53 100 4 16 13 0.0490092679751461 17 13 0.8352972840128584 16 14 0.006411861569770921 17 14 0.1092815864422245
52 101 4 16 14 0.043790798806283164 17 14 0.403768420094166 16 15 0.05405278692940375 17 15 0.49838799417014706
51 101 4 16 15 0.6284036355321252 17 15 0.12199314491992029 16 16 0.20902484484270983 17 16 0.04057837470524463
51 102 4 16 15 0.0015165404287335869 17 15 0.009295345384149334 16 16 0.13874950149769433 17 16 0.8504386126894228
50 102 4 16 16 0.2759647600168967 17 16 0.037684687347564666 16 17 0.6038861765486795 17 17 0.08246437608685923
50 103 4 16 17 0.10487499095970636 17 17 0.4691895617655958 16 18 0.07781350715749144 17 18 0.34812194011720643
49 103 4 16 18 0.808743488049365 17 18 0.06815862622753004 16 19 0.11352990470698102 17 19 0.009567981016123987
49 104 4 16 18 0.030911610355566024 17 18 0.10640560928218079 16 19 0.1941993439523728 17 19 0.6684834364098804
48 104 4 16 19 0.42461549030758206 17 19 0.015539290881757607 16 20 0.5400803586395339 17 20 0.01976486017112652
62 91 4 17 0 0.5490214305683073 18 0 0.2660111192077936 17 1 0.1245975932597963 18 1 0.06036985696410288
61 92 4 17 1 0.27086790642689473 18 1 0.10741731026162185 17 2 0.44517357359194987 18 2 0.1765412097195336
61 93 4 17 2 0.012058049931021558 18 2 0.6266422721183359 17 3 0.006820991639415816 18 3 0.3544786863112267
60 93 4 17 3 0.7141225292864574 18 3 0.2274153543145072 17 4 0.04434140692315695 18 4 0.01412070947587833
60 94 4 17 3 0.012380020700705194 18 3 0.18957296826109693 17 4 0.04892147706047319 18 4 0.7491255339777247
59 94 4 17 4 0.40427988291845346 18 4 0.10051066759493049 17 5 0.39660650948190196 18 5 0.09860294000471406
58 95 4 17 5 0.05738144734181113 18 5 0.010661770084017492 17 6 0.7859274012493142 18 6 0.14602938132485715
59 95 4 17 5 0.0793701562136681 18 5 0.6858354996605532 17 6 0.02435379773828016 18 6 0.2104405463874985
58 96 4 17 6 0.04800300475676203 18 6 0.28045531802991847 17 7 0.09814340538592727 18 7 0.5733982718273923
57 96 4 17 7 0.559158527338364 18 7 0.07213735699991271 17 8 0.32657277744350227 18 8 0.04213133821822095
56 97 4 17 8 0.18057096953512136 18 8 0.013977581715585623 17 9 0.7475827914375148 18 9 0.05786865731177814
57 97 4 17 8 0.16814893042464885 18 8 0.7235620592744653 17 9 0.02041993590881033 18 9 0.08786907439207553
56 98 4 17 9 0.1050926567411467 18 9 0.34987099987039766 17 10 0.12589866578305348 18 10 0.41913767760540216
55 98 4 17 10 0.7355038396865662 18 10 0.022297378476560013 17 11 0.23507237747681103 18 11 0.007126404360062747
55 99 4 17 10 0.004980593848985238 18 10 0.01323572967499281 17 11 0.26843318486598483 18 11 0.713350491610037
54 100 4 17 12 0.1836489766538612 18 12 0.39782001378255055 17 13 0.13218725825184985 18 13 0.28634375131173834
53 101 4 17 13 0.051847791535113714 18 13 0.09287386581372825 17 14 0.3064108995613961 18 14 0.548867443089762
52 102 4 17 15 0.2836719644949241 18 15 0.42430235976635156 17 16 0.11700918279232676 18 16 0.17501649294639757
51 103 4 17 16 0.1201816571495704 18 16 0.15104533402413547 17 17 0.32292194632845034 18 17 0.4058510624978438
50 104 4 17 18 0.405161620264323 18 18 0.4293180378218165 17 19 0.08036443940446764 18 19 0.0851559025093928
49 105 4 17 19 0.20998219069237056 18 19 0.18775013430621365 17 20 0.31796632516717904 18 20 0.28430134983423677
62 92 4 18 0 0.07367135970991741 19 0 0.0017762954270207968 18 1 0.9027852256697502 19 1 0.021767119193311722
63 92 4 18 0 0.18300945915072586 19 0 0.5896006344346051 18 1 0.05386223158976455 19 1 0.17352767482490453
62 93 4 18 1 0.09380450317921411 19 1 0.24205825731856145 18 2 0.18548964375207508 19 2 0.4786475957501494
61 94 4 18 3 0.2892603611210202 19 3 0.6098550662891746 18 4 0.032456242001009994 19 4 0.06842833058879517
60 95 4 18 4 0.1683662829228927 19 4 0.2940018113997323 18 5 0.1957727763899074 19 5 0.3418591292874676
59 96 4 18 5 0.010416415516079854 19 5 0.015204345718978876 18 6 0.3961450999874612 19 6 0.57823413877748
58 97 4 18 7 0.2643947305949186 19 7 0.3244786975526028 18 8 0.1845892410993924 19 8 0.22653733075308632
57 98 4 18 8 0.07475574096150553 19 8 0.07737035409843153 18 9 0.4166506869235465 19 9 0.4312232180165164
56 99 4 18 10 0.3818898461952459 19 10 0.333488915777125 18 11 0.1519390378805651 19 11 0.13268220014706417
55 100 4 18 11 0.1605617343352593 19 11 0.11806969454955607 18 12 0.41568960593129256 19 12 0.305678965183892
54 101 4 18 13 0.5208516297239237 19 13 0.32103246607332536 18 14 0.09782216673339811 19 14 0.06029373746935278
53 102 4 18 14 0.26783439563735767 19 14 0.13730236707233606 18 15 0.393261857010734 19 15 0.2016013802795722
52 103 4 18 16 0.6812800811809507 19 16 0.2871093484411624 18 17 0.022238627657911007 19 17 0.009371942719975962
51 104 4 18 17 0.39657372486776027 19 17 0.13506837166678648 18 18 0.34936744016184235 19 18 0.11899046330361089
50 105 4 18 18 0.07481157934592077 19 18 0.020083184101070618 18 19 0.7135520418744518 19 19 0.19155319467855686
51 105 4 18 18 0.038635541687944544 19 18 0.7534216602074396 18 19 0.010143184893279792 19 19 0.1977996132113361
50 106 4 18 19 0.03240468028583608 19 19 0.32290518852199274 18 20 0.05879650248615814 19 20 0.5858936287060131
63 93 4 19 0 0.017824005430034384 20 0 0.015201193516133919 19 1 0.5218852468620668 20 1 0.4450895541917649
62 94 4 19 2 0.3471122527827881 20 2 0.2491656130758138 19 3 0.23501945570008284 20 3 0.16870267844131515
61 95 4 19 3 0.09963545863475294 20 3 0.059895074136279286 19 4 0.524918706038888 20 4 0.31555076119007974
60 96 4 19 5 0.4820794961424239 20 5 0.24070370354104198 19 6 0.18489712472195804 20 6 0.09231967559457606
59 97 4 19 6 0.20291357976780952 20 6 0.08312228682810106 19 7 0.5064854972873424 20 7 0.20747863611674705
59 98 4 19 7 0.006686723060123356 20 7 0.5397642488966281 19 8 0.005549915546592442 20 8 0.4479991124966562
58 98 4 19 8 0.6385134074304101 20 8 0.21077512607794857 19 9 0.11330812581548276 20 9 0.03740334067615853
58 99 4 19 8 0.005996301596579735 20 8 0.10370733727260191 19 9 0.048662793200905954 20 9 0.8416335679299124
57 99 4 19 9 0.32765836882918575 20 9 0.0848828315915887 19 10 0.466585620607477 20 10 0.12087317897174855
57 100 4 19 10 0.06533164191258656 20 10 0.6076246638690287 19 11 0.03174990907564013 20 11 0.29529378514274457
56 100 4 19 11 0.8164139866467057 20 11 0.15937988068651687 19 12 0.020252458980698034 20 12 0.003953673686079365
56 101 4 19 11 0.032952098222455546 20 11 0.20325687447160443 19 12 0.10655190895654104 20 12 0.6572391183493991
55 101 4 19 12 0.4738698258189065 20 12 0.06517670842674976 19 13 0.40521907599926715 20 13 0.05573438975507658
54 102 4 19 13 0.09426987578240213 20 13 0.00802932537566994 19 14 0.8272414822265125 20 14 0.0704593166154154
55 102 4 19 13 0.14544322869338114 20 13 0.6540184109131126 19 14 0.03648323467635646 20 14 0.16405512571714984
54 103 4 19 14 0.0813745627766593 20 14 0.28133974374226456 19 15 0.14297435678384818 20 15 0.49431133669722793
53 103 4 19 15 0.6415479507369609 20 15 0.02400391733355919 19 16 0.32238586346275244 20 16 0.012062268466727373
53 104 4 19 16 0.24702148340252975 20 16 0.6789454900288279 19 17 0.019749892348747605 20 17 0.054283134219894814
52 105 4 19 17 0.1512636952592059 20 17 0.3379559450845818 19 18 0.1579301366828413 20 18 0.3528502229733708
51 106 4 19 18 0.018450117907197285 20 18 0.0340221893490242 19 19 0.3331661702256199 20 19 0.6143615225181588
64 93 4 20 0 0.5842409143364525 21 0 0.14594672305813738 20 1 0.21588344331647158 21 1 0.0539289192889385
63 94 4 20 1 0.24723719344717102 21 1 0.04620311085982025 20 2 0.595309620396494 21 2 0.11125007529651462
63 95 4 20 2 0.08052192279385847 21 2 0.47333348687397364 20 3 0.06486245260142837 21 3 0.38128213773073955
62 95 4 20 3 0.7581469533837359 21 3 0.09854601783571779 20 4 0.12682231665072788 21 4 0.016484712129818318
62 96 4 20 3 0.02199369681568178 21 3 0.09511437976460942 20 4 0.16581313477037493 21 4 0.7170787886493338
61 96 4 20 4 0.38945411026785975 21 4 0.030491527864009816 20 5 0.5379376159573451 21 5 0.04211674591078528
61 97 4 20 5 0.15663896940563896 21 5 0.5237217740870715 20 6 0.07359031837118765 21 6 0.24604893813610187
60 97 4 20 6 0.9535196603593132 21 6 0.02967864468499011 20 7 0.01629452205666162 21 7 0.0005071728990350975
60 98 4 20 6 0.0664216212008484 21 6 0.1771917892042923 20 7 0.20623012276671926 21 7 0.5501564668281401
59 99 4 20 8 0.2542226839457301 21 8 0.5526433933718443 20 9 0.06085151621260746 21 9 0.13228240646981818
58 100 4 20 9 0.13231621351435158 21 9 0.23780253071566743 20 10 0.22518044283472693 21 10 0.4047008129352541
57 101 4 20 11 0.3732730664141614 21 11 0.5600983447283057 20 12 0.02664604612568697 21 12 0.03998254273184588
56 102 4 20 12 0.21967747375617958 21 12 0.2769466042987033 20 13 0.22266409497440978 21 13 0.28071182697070723
55 103 4 20 13 0.029026091889546145 21 13 0.030850653077770466 20 14 0.4557379330318131 21 14 0.48438532200087026
54 104 4 20 15 0.32850540192633904 21 15 0.2946240099534258 20 16 0.19868107918575043 21 16 0.17818950893448482
53 105 4 20 16 0.10616489783312533 21 16 0.08021718095906963 20 17 0.46344403946976276 21 17 0.35017388173804226
52 106 4 20 18 0.45879999802486787 21 18 0.2908347476797608 20 19 0.15323139546879017 21 19 0.09713385882658115
51 107 4 20 19 0.20477037170502518 21 19 0.1081170409120337 20 20 0.44968347797937386 21 20 0.2374291094035673
65 94 4 21 0 0.24991806514550055 22 0 0.43784711605830506 21 1 0.1134589594198682 22 1 0.19877585937632625
64 95 4 21 1 0.10186291242609762 22 1 0.1491549356901526 21 2 0.30393656833004107 22 2 0.44504558355370877
63 96 4 21 3 0.36497390744489 22 3 0.44929660758379397 21 4 0.08324802950198966 22 4 0.10248145546932641
62 97 4 21 4 0.18522963249891042 22 4 0.1922935494422182 21 5 0.305414760638768 22 5 0.3170620574201033
61 98 4 21 6 0.5014964176726198 22 6 0.43927943118092805 21 7 0.03157043165578871 22 7 0.027653719490663458
60 99 4 21 7 0.2900630205000269 22 7 0.21396549526595457 21 8 0.2854262850191514 22 8 0.21054519921486706
59 100 4 21 8 0.04157383411874432 22 8 0.02570734855966743 21 9 0.5763379275911751 22 9 0.35638088973041315
58 101 4 21 10 0.4163630764294913 22 10 0.21417077316136857 21 11 0.24397114147119794 22 11 0.12549500893794213
57 102 4 21 11 0.13618476782162636 22 11 0.05760174868167817 21 12 0.5665719062698039 22 12 0.23964157722689153
56 103 4 21 13 0.564129800287276 22 13 0.19290938312844771 21 14 0.1810493299949241 22 14 0.061911486589352104
56 104 4 21 13 0.0008380972053621694 22 13 0.016616191571198997 21 14 0.04717859462843084 22 14 0.935367116595008
55 104 4 21 14 0.25226236945282854 22 14 0.06802948087533989 21 15 0.5353392170201415 22 15 0.14436893265169004
55 105 4 21 15 0.052518642324451595 22 15 0.5281883133645577 21 16 0.037920505700111296 22 16 0.3813725386108794
54 105 4 21 16 0.7333631920734016 22 16 0.1501813251672006 21 17 0.09666085059030953 22 17 0.01979463216908834
54 106 4 21 16 0.019126706401061132 22 16 0.12483291620037838 21 17 0.11373489781427165 22 17 0.7423054795842889
53 106 4 21 17 0.3898066390123542 22 17 0.056990545140663734 21 18 0.48263985984215574 22 18 0.07056295600482641
53 107 4 21 18 0.1239630416750854 22 18 0.5832492478387734 21 19 0.05132101873101728 22 19 0.24146669175512395
52 108 4 21 19 0.05888198352509544 22 19 0.21158297290120798 21 20 0.15882453307177713 22 20 0.5707105105019195
65 95 4 22 1 0.6316915371779426 23 1 0.3164887493867003 22 2 0.03452304893903687 23 2 0.017296664496320165
64 96 4 22 2 0.3624203354907079 23 2 0.14901261798638327 22 3 0.34621670681701266 23 3 0.14235033970589625
63 97 4 22 3 0.05609334459480251 23 3 0.018592275794718803 22 4 0.6949661539036879 23 4 0.23034822570679075
64 97 4 22 3 0.008856650714745383 23 3 0.7629914081231975 22 4 0.002617953144567974 23 4 0.22553398801748908
63 98 4 22 4 0.01806094393858872 23 4 0.31703978181177 22 5 0.03583611611148009 23 5 0.6290631581381613
62 98 4 22 5 0.5061925191794856 23 5 0.13174576812248381 22 6 0.28728943550977465 23 6 0.0747722771882559
61 99 4 22 6 0.1681764060569668 23 6 0.03301454815741841 22 7 0.6677280048230634 23 7 0.13108104096255138
62 99 4 22 6 0.08652896419460934 23 6 0.811824428468183 22 7 0.00979055204624379 23 7 0.09185605529096383
61 100 4 22 7 0.06404413519184901 23 7 0.3975619243833736 22 8 0.07469783723975959 23 8 0.4636961031850178
60 100 4 22 8 0.6714313707965545 23 8 0.09301225033026445 22 9 0.20689549627421674 23 9 0.028660882598964346
60 101 4 22 8 0.004503516980415879 23 8 0.020355209507240412 22 9 0.17666091164194817 23 9 0.7984803618703955
59 101 4 22 9 0.3017261354474577 23 9 0.025970152591791446 22 10 0.6190231878140835 23 10 0.05328052414666745
59 102 4 22 10 0.13149399437342588 23 10 0.45661739902664966 22 11 0.09209289043969358 23 11 0.31979571616023084
58 102 4 22 11 0.8581368903419773 23 11 0.03281206460971988 22 12 0.10503488911030472 23 12 0.004016155937998012
58 103 4 22 11 0.04026425393540811 23 11 0.11109980637712652 22 12 0.2257450870684668 23 12 0.6228908526189987
57 104 4 22 13 0.22041052148334195 23 13 0.4942062057416264 22 14 0.08802127571128845 23 14 0.19736199706374322
56 105 4 22 14 0.09749165881873154 23 14 0.18037773531868145 22 15 0.25336259456665433 23 15 0.46876801129593276
55 106 4 22 16 0.3307937165215924 23 16 0.5103283445282398 22 17 0.06248299305456332 23 17 0.09639494589560442
54 107 4 22 17 0.17618573163037354 23 17 0.22818899633188888 22 18 0.25951343413652317 23 18 0.33611183790121435
53 108 4 22 19 0.4626435794881962 23 19 0.5049838153865144 22 20 0.01547804246949938 23 20 0.01689456265579003
66 95 4 23 0 0.5979937301763003 24 0 0.04734899483676424 23 1 0.32863596130150213 24 1 0.026021313685433308
65 96 4 23 1 0.2021398125391513 24 1 0.006455579386329053 23 2 0.7669123351294066 24 2 0.024492272945113035
66 96 4 23 1 0.20784176124577736 24 1 0.6979160691281246 23 2 0.021625491783632392 24 2 0.07261667784246564
65 97 4 23 2 0.12751912772838592 24 2 0.34149136955794623 23 3 0.14437058149177928 24 3 0.38661892122188857
64 98 4 23 3 0.010140705002326729 24 3 0.02212245919645358 23 4 0.3041714604085939 24 4 0.6635653753926257
63 99 4 23 5 0.21244111466925625 24 5 0.38307471644192886 23 6 0.14429350693241982 24 6 0.2601906619563951
62 100 4 23 6 0.06337356971661584 24 6 0.09539492830702835 23 7 0.33578350807584456 24 7 0.5054479939005112
61 101 4 23 8 0.3188297695384856 24 8 0.403191395397578 23 9 0.12274976444473033 24 9 0.15522907061920624
60 102 4 23 9 0.13807310235922576 24 9 0.14720072948926785 23 10 0.34592888781474557 24 10 0.36879728033676074
59 103 4 23 11 0.44668509233601195 24 11 0.40184140642491545 23 12 0.07973935402870391 24 12 0.07173414721036873
58 104 4 23 12 0.2342393029301739 24 12 0.1775398627431981 23 13 0.3346075996252973 24 13 0.2536132347013306
57 105 4 23 14 0.5960070830618838 24 14 0.37902474952392196 23 15 0.015262275684342975 24 15 0.009705891729851309
56 106 4 23 15 0.3518721714294586 24 15 0.18641232806879524 23 16 0.30181964350752355 24 16 0.15989585699422262
55 107 4 23 16 0.07068147058833908 24 16 0.030855695822330536 23 17 0.6254328005393985 24 17 0.27303003304993184
54 108 4 23 18 0.4909717078570512 24 18 0.1738181254660521 23 19 0.24756501946144185 24 19 0.08764514721545483
53 109 4 23 19 0.17809188478936774 24 19 0.049950615446180235 23 20 0.6028672987199096 24 20 0.1690902010445424
54 109 4 23 19 0.038279696397153416 24 19 0.8869252422868017 23 20 0.0030945924729469058 24 20 0.07170046884309794
67 96 4 24 0 0.29536000321194755 25 0 0.30756026561034716 24 1 0.1945223551782996 25 1 0.20255737599940565
66 97 4 24 1 0.08845465374466187 25 1 0.07771828199007749 24 2 0.4438501608363442 25 2 0.3899769034289165
65 98 4 24 3 0.4192207858404571 25 3 0.3102048168067159 24 4 0.15550648493130434 25 4 0.11506791242152259
64 99 4 24 4 0.1806263141465711 25 4 0.11205195541303216 24 5 0.43652341281594587 25 5 0.27079831762445083
63 100 4 24 6 0.5645482363972767 25 6 0.2913827000747457 24 7 0.0950239467559956 25 7 0.04904511677198189
62 101 4 24 7 0.2942646424768313 25 7 0.1249189609076503 24 8 0.4077299968672255 25 8 0.17308639974829293
61 102 4 24 9 0.7313423548824618 25 9 0.25109391541442455 24 10 0.013074740652350337 25 10 0.004488989050763266
61 103 4 24 9 0.01147585847966746 25 9 0.23137551717805632 24 10 0.03577879860673755 25 10 0.7213698257355388
60 103 4 24 10 0.42936963873538286 25 10 0.11631929847393725 24 11 0.35746991299018477 25 11 0.09684114980049512
59 104 4 24 11 0.09034113337963981 25 11 0.018600470742124935 24 12 0.7389208745366832 25 12 0.15213752134155198
60 104 4 24 11 0.07228908353874228 25 11 0.7338149590314297 24 12 0.017388029738418173 25 12 0.1765079276914099
59 105 4 24 12 0.04879186230273783 25 12 0.3205648471798643 24 13 0.08330770716517807 25 13 0.5473355833522198
58 105 4 24 13 0.5859413029223061 25 13 0.08625296811190672 24 14 0.2857431611847724 25 14 0.04206256778101475
57 106 4 24 14 0.21522367533996115 25 14 0.020223262606681953 24 15 0.6988832449578729 25 15 0.06566981709548408
58 106 4 24 14 0.16276087751673446 25 14 0.7698484988783157 24 15 0.0117611481419369 25 15 0.05562947546301283
57 107 4 24 15 0.10757453405413939 25 15 0.38828750925334105 24 16 0.10936994779528741 25 16 0.39476800889723207
56 107 4 24 16 0.7639796350375354 25 16 0.034719969821541324 24 17 0.19254974145105394 25 17 0.008750653689869256
56 108 4 24 16 0.015332401382871806 25 16 0.043782308837042365 24 17 0.24403453665731042 25 17 0.6968507531227754
55 109 4 24 18 0.18782387373386883 25 18 0.434543503398479 24 19 0.11396552049706889 25 19 0.2636671023705832
54 110 4 24 19 0.06389261883600925 25 19 0.12172742520876884 24 20 0.28031923158568395 25 20 0.5340607243695381
68 97 4 25 0 0.029782065456273314 26 0 0.5307157471752515 25 1 0.02335295984640749 26 1 0.41614922752206773
67 97 4 25 1 0.6843831487054138 26 1 0.17895222547771816 25 2 0.10833677123642954 26 2 0.0283278545804384
67 98 4 25 1 0.011825284158826723 26 1 0.11192519538514273 25 2 0.08373219733460954 26 2 0.792517323121421
66 98 4 25 2 0.35626175027032275 26 2 0.07032629082526842 25 3 0.4788806258622762 26 3 0.09453133304213271
66 99 4 25 3 0.09479265133690012 26 3 0.5922104951195175 25 4 0.043187286347291576 26 4 0.26980956719629084
65 100 4 25 4 0.045146747812859545 26 4 0.2051090655559738 25 5 0.13525564606208762 26 5 0.6144885405690791
64 100 4 25 5 0.5088388742881773 26 5 0.044254500632266804 25 6 0.41114841422593246 26 6 0.035758210853623414
63 101 4 25 6 0.11197256441779814 26 6 0.004373477415076176 25 7 0.850437180287067 26 7 0.0332167778800586
64 101 4 25 6 0.18126990514585414 26 6 0.6322385751354274 25 7 0.04155494491984847 26 7 0.14493657479887
63 102 4 25 7 0.09993487939522108 26 7 0.2768262677984762 25 8 0.16531242686123696 26 8 0.45792642594506583
62 103 4 25 9 0.289213826883164 26 9 0.6507999872229814 25 10 0.018455935564078367 26 10 0.04153025032977623
61 104 4 25 10 0.17618967890592713 26 10 0.32707680211263757 25 11 0.1739025397320707 26 11 0.32283097924936466
60 105 4 25 11 0.026109741720025854 26 11 0.04040940621098344 25 12 0.36640493310872746 26 12 0.5670759189602632
59 106 4 25 13 0.27391114634495634 26 13 0.3558606684984867 25 14 0.16102598467455234 26 14 0.20920220048200464
58 107 4 25 14 0.0921420869324657 26 14 0.10088239482342196 25 15 0.38521750027779844 26 15 0.42175801796631385
57 108 4 25 16 0.39309928171231945 26 16 0.3631778669560019 25 17 0.1266827616887037 26 17 0.11704008964297495
56 109 4 25 17 0.1796411000732297 26 17 0.13988871550752183 25 18 0.38256339951854884 26 18 0.2979067849006996
55 110 4 25 19 0.5337540850080115 26 19 0.3490283974851882 25 20 0.07087287077452255 26 20 0.04634464673227775
68 98 4 26 1 0.2922224949998432 27 1 0.528690422992519 26 2 0.06375009185444486 27 2 0.11533699015319296
67 99 4 26 2 0.15304966473457485 27 2 0.23111592017023197 26 3 0.24534537831046865 27 3 0.3704890367847244
66 100 4 26 4 0.4176385444964348 27 4 0.5297797073208201 26 5 0.023178954739364183 27 5 0.029402793443380853
65 101 4 26 5 0.2467765920045654 27 5 0.26389432672510893 26 6 0.23646336342198904 27 6 0.2528657178483367
64 102 4 26 6 0.038858850304034145 27 6 0.035064735338084733 26 7 0.48680356131326485 27 7 0.43927285304461633
63 103 4 26 8 0.36197018720287627 27 8 0.27520606535166187 26 9 0.2061146806051781 27 9 0.15670906684028374
62 104 4 26 9 0.12236332327576642 27 9 0.07806559619121636 26 10 0.48814400072307235 27 10 0.3114270798099449
61 105 4 26 11 0.4986304503295529 27 11 0.2650511360498635 26 12 0.1542993298600412 27 12 0.08201908376054234
60 106 4 26 12 0.2273344641758152 27 12 0.09959978911601702 26 13 0.4680177722045344 27 13 0.20504797450363338
59 107 4 26 14 0.6567573813845211 27 14 0.2334295388197448 26 15 0.08101731118658394 27 15 0.02879576860915014
59 108 4 26 14 0.00611628773364578 27 14 0.14448573783147198 26 15 0.03449596638906654 27 15 0.8149020080458158
58 108 4 26 15 0.3537722730042241 27 15 0.0996673141125009 26 16 0.42642487575763643 27 16 0.12013553712563861
57 109 4 26 16 0.013731375415235262 27 16 0.002960878613923463 26 17 0.8088882295373807 27 17 0.1744195164334606
58 109 4 26 16 0.0592747175957843 27 16 0.6545799748817817 26 17 0.023759992717683465 27 17 0.26238531480475064
57 110 4 26 17 0.03476510412653636 27 17 0.24234225526345973 26 18 0.09069206237768686 27 18 0.632200578232317
56 110 4 26 18 0.5016767497609321 27 18 0.07826817118064577 26 19 0.3633653113824392 27 19 0.05668976767598281
55 111 4 26 19 0.12994672994536186 27 19 0.013250857908660757 26 20 0.777517787388765 27 20 0.0792846247572124
56 111 4 26 19 0.14107932414359425 27 19 0.6992807021588355 26 20 0.0268002985513844 27 20 0.13283967514618578
69 98 4 27 0 0.3193352733500651 28 0 0.19874008309071875 27 1 0.2970524188650639 28 1 0.18487222469415232
68 99 4 27 1 0.05357972713486911 28 1 0.027748296218315992 27 2 0.6052304212710152 28 2 0.3134415553757996
67 100 4 27 3 0.4520009963076801 28 3 0.1925796939579676 27 4 0.24923160828895974 28 4 0.10618770144539258
66 101 4 27 4 0.1545563278659227 28 4 0.05327702931216964 27 5 0.5890987329214725 28 5 0.20306790990043505
66 102 4 27 5 0.021770098929633615 28 5 0.44647836360928167 27 6 0.024722523409354505 28 6 0.5070290140517302
65 102 4 27 6 0.6061333871936125 28 6 0.1649526368968846 27 7 0.17994412978453822 28 7 0.04896984612496463
65 103 4 27 6 0.0028009253989423125 28 6 0.028700204052406662 27 7 0.08611415313080127 28 7 0.8823847174178497
64 103 4 27 7 0.2769995965252765 28 7 0.05733909447767978 27 8 0.5515003766436297 28 8 0.11416093235341403
64 104 4 27 8 0.0781134973800788 28 8 0.5166402989837183 27 9 0.053224037340420215 28 9 0.3520221662957827
63 104 4 27 9 0.7817324460078963 28 9 0.11585891190747911 27 10 0.08918998335176524 28 10 0.013218658732859247
63 105 4 27 9 0.02745520162279421 28 9 0.13055126165341865 27 10 0.14630478928846027 28 10 0.6956887474353269
62 105 4 27 10 0.4209095331129855 28 10 0.03993449171484912 27 11 0.4924353524374605 28 11 0.046720622734704904
61 106 4 27 11 0.023030831009339586 28 11 0.001065860730914263 27 12 0.9327365107318618 28 12 0.04316679752788431
62 106 4 27 11 0.15592356375887584 28 11 0.5653355664297997 27 12 0.06025888334316294 28 12 0.21848198646816155
61 107 4 27 12 0.07357614577498305 28 12 0.21093565132609374 27 13 0.18502875751781117 28 13 0.5304594453811121
60 108 4 27 14 0.25520029806597383 28 14 0.5925641659475366 27 15 0.045827061417575844 28 15 0.10640847456891366
59 109 4 27 15 0.14116375785550106 28 15 0.26985337307045415 27 16 0.2022860578188041 28 16 0.38669681125524075
58 110 4 27 17 0.3759437003014124 28 17 0.5983260975369765 27 18 0.009928571563648195 28 18 0.015801630597962975
57 111 4 27 18 0.2302180378643455 28 18 0.307304426886477 27 19 0.19807669019147053 28 19 0.26440084505770695
56 112 4 27 19 0.047436586218612097 28 19 0.053338545444655085 27 20 0.4232805980279738 28 20 0.47594427030875897
70 99 4 28 0 0.08544645782097435 29 0 0.39020644242902164 28 1 0.09419390130658481 29 1 0.4301531984434192
69 99 4 28 1 0.7156080923045545 29 1 0.06288236949705237 28 2 0.20361716146216743 29 2 0.017892376736225866
69 100 4 28 1 0.008639479775648108 29 1 0.03026608738679599 28 2 0.2134233355426665 29 2 0.7476710972948895
68 100 4 28 2 0.328636497121557 29 2 0.013106631592479937 28 3 0.6330112128359202 29 3 0.025245658450042837
68 101 4 28 3 0.1592619840307162 29 3 0.4428962500441616 28 4 0.10522328747835384 29 4 0.2926184784467684
67 102 4 28 4 0.050765883758795524 29 4 0.11464501722851247 28 5 0.25614184394102996 29 5 0.578447255071662
66 103 4 28 6 0.25454417816878866 29 6 0.47411938973096757 28 7 0.09478600572179231 29 7 0.17655042637845153
65 104 4 28 7 0.11435895567027733 29 7 0.17755727914190902 28 8 0.27739368441105905 29 8 0.43069008077675447
64 105 4 28 9 0.3712930402351922 29 9 0.4838758614894422 28 10 0.06288205603689961 29 10 0.08194904223846589
63 106 4 28 10 0.1994186955100903 29 10 0.2190028731269744 28 11 0.277178856952757 29 11 0.3043995744101783
62 107 4 28 12 0.5095085702299513 29 12 0.47216566531954707 28 13 0.00951143842368382 29 13 0.00881432602681778
61 108 4 28 13 0.3059451032782378 29 13 0.2389817991836798 28 14 0.2554973615661527 29 14 0.19957573597192962
60 109 4 28 14 0.06532584711786539 29 14 0.04285372225649692 28 15 0.5385390739172806 29 15 0.3532813567083571
59 110 4 28 16 0.43393817897470577 29 16 0.23749405731207573 28 17 0.21234919825119566 29 17 0.11621856546202278
58 111 4 28 17 0.16162980058774334 29 17 0.07305510261148287 28 18 0.5270800328289136 29 18 0.2382350639718602
57 112 4 28 19 0.5833979225995352 29 19 0.21453964751213922 28 20 0.1477343670078917 29 20 0.054328062880433965
57 113 4 28 19 0.0019822317005309567 29 19 0.05637044377198078 28 20 0.03198761945847423 29 20 0.909659705069014
70 100 4 29 1 0.35513656082556694 30 1 0.3809314447852699 29 2 0.12734135985358505 30 2 0.1365906345355781
69 101 4 29 2 0.15711353381243323 30 2 0.14220713871086268 29 3 0.3677868430574777 30 3 0.33289248441922636
68 102 4 29 4 0.4893575506512615 30 4 0.3732157887844392 29 5 0.0779652824094048 30 5 0.05946137815489444
67 103 4 29 5 0.2596454014115277 30 5 0.1661806049366177 29 6 0.3500998878398941 30 6 0.2240741058119605
66 104 4 29 7 0.6450452084053105 30 7 0.34403346485529734 29 8 0.007122537036866663 30 8 0.0037987897025253637
65 105 4 29 8 0.3836439369389709 30 8 0.1686874032340563 29 9 0.3109462646939618 30 9 0.136722395133011
64 106 4 29 9 0.08518687626397564 30 9 0.030397130821496244 29 10 0.6518257815597125 30 10 0.23259021135481556
64 107 4 29 10 0.01498364711589637 30 10 0.36101546533041284 29 11 0.024866572259384625 30 11 0.5991343152943062
63 107 4 29 11 0.529109140394732 30 11 0.14972753360315916 29 12 0.25032597361971165 30 12 0.0708373523823972
62 108 4 29 12 0.19896295749315368 30 12 0.043126383417182126 29 13 0.6228946127120744 30 13 0.13501604637758993
63 108 4 29 12 0.07727475691800312 30 12 0.8619770224407254 29 13 0.004997918648033327 30 13 0.05575030199323816
62 109 4 29 13 0.06265985813617264 30 13 0.439844588135004 29 14 0.06203527362064814 30 14 0.4354602801081752
61 109 4 29 14 0.6960410117788449 30 14 0.10930099604391004 29 15 0.1682390146171384 30 15 0.026418977560106558
61 110 4 29 14 0.010989170145637729 30 14 0.05476794303795468 29 15 0.15612841780193848 30 15 0.778114469014469
60 110 4 29 15 0.3342057066506571 30 15 0.03438896808454263 29 16 0.5724967759360817 30 16 0.05890854932871853
60 111 4 29 16 0.13180273708476362 30 16 0.4972070430112625 29 17 0.07773730705356806 30 17 0.29325291285040583
59 111 4 29 17 0.8844395510912672 30 17 0.04740779055635181 29 18 0.06468538768622716 30 18 0.0034672706661539013
59 112 4 29 17 0.048442926867642046 30 17 0.14381952014081428 29 18 0.20351957346145952 30 18 0.6042179795300843
58 113 4 29 19 0.22241228396169363 30 19 0.5331028299592252 29 20 0.07197267255814896 30 20 0.17251221352093213
71 100 4 30 0 0.32184387555981725 31 0 0.1113865684994377 30 1 0.42104915048014674 31 1 0.1457204054605983
71 101 4 30 1 0.031720818555249226 31 1 0.6619247308648466 30 2 0.014009769036307565 31 2 0.2923446815435966
70 102 4 30 2 0.022646359711965238 31 2 0.23425185662054634 30 3 0.06550668407037591 31 3 0.6775950995971126
69 102 4 30 3 0.46331453884656015 31 3 0.09642123903756218 30 4 0.3644233995749436 31 4 0.07584082254093406
68 103 4 30 4 0.10701967365690365 31 4 0.015968771139634453 30 5 0.7631407209553555 31 5 0.11387083424810635
69 103 4 30 4 0.10709161163308739 31 4 0.7130592716118724 30 5 0.023483888340009203 31 5 0.15636522841503106
68 104 4 30 5 0.06632803056319088 31 5 0.31707551959418456 30 6 0.10666992560066114 31 6 0.5099265242419634
67 104 4 30 6 0.6262518700616168 31 6 0.05998924164736954 30 7 0.28633098074139796 31 7 0.027427907549615806
66 105 4 30 7 0.2382678826454091 31 7 0.011225895976036218 30 8 0.716737424348361 31 8 0.033768797030193684
67 105 4 30 7 0.20392907263923732 31 7 0.7427271444306007 30 8 0.011491339715370153 31 8 0.041852443214791764
66 106 4 30 8 0.13147636934275736 31 8 0.378432514639529 30 9 0.1263664992026056 31 9 0.3637246168151082
65 107 4 30 9 0.021967876837591407 31 9 0.05119367405709613 30 10 0.27829744789852695 31 10 0.6485410012067854
64 108 4 30 11 0.2180913760506444 31 11 0.41832284175650575 30 12 0.12459640487622939 31 12 0.23898937731662048
63 109 4 30 12 0.07689376131889036 31 12 0.12277312340067553 30 13 0.3082164757987389 31 13 0.49211663948169515
62 110 4 30 14 0.3261730506868761 31 14 0.43674650094512346 30 15 0.1013596426215375 31 15 0.13572080574646292
61 111 4 30 15 0.15328631372852314 31 15 0.17288590481590665 30 16 0.3166688357706459 31 16 0.3571589456849243
60 112 4 30 17 0.45572139325143907 31 17 0.4337034922054245 30 18 0.056656212438503425 31 18 0.05391890210463309
59 113 4 30 18 0.2511455340664885 31 18 0.20153201830281967 30 19 0.303654527814195 31 19 0.24366791981649694
58 114 4 30 19 0.009513885672880907 31 19 0.006416333608875378 30 20 0.5877086323985724 31 20 0.3963611483196713
72 101 4 31 0 0.11964418225733386 32 0 0.2711638056111512 31 1 0.18650151069507473 32 1 0.4226905014364401
71 102 4 31 2 0.33255515660730006 32 2 0.6215054981736187 31 3 0.01601299253586401 32 3 0.029926352683217226
70 103 4 31 3 0.2022646487961995 32 3 0.315048672897153 31 4 0.18872595653774893 32 4 0.29396072176889854
69 104 4 31 4 0.03491835177640293 32 4 0.045647636829394184 31 5 0.39849470974830087 32 5 0.520939301645902
68 105 4 31 6 0.3063517832633814 32 6 0.33746687225483496 31 7 0.16948373445207787 32 7 0.18669761002970575
67 106 4 31 7 0.10731636401700013 32 7 0.09975495841367535 31 8 0.4109416098892037 32 8 0.3819870676801208
66 107 4 31 9 0.4319055856588999 32 9 0.3384184036842093 31 10 0.12877484443805934 32 10 0.1009011662188315
65 108 4 31 10 0.20118104418592064 32 10 0.1323956120696187 31 11 0.40192184210179405 32 11 0.2645015016426666
64 109 4 31 12 0.5789260559827497 32 12 0.31790326718523776 31 13 0.06659928649572043 32 13 0.03657139033629206
63 110 4 31 13 0.3165123922831599 32 13 0.14356959779722886 31 14 0.37143540638606565 32 14 0.1684826035335456
62 111 4 31 14 0.017042939374939798 32 14 0.006291717617911613 31 15 0.7133273154850701 32 15 0.2633380275220784
62 112 4 31 15 0.009422710015085402 32 15 0.2743270523386034 31 16 0.023785106396546237 32 16 0.692465131249765
61 112 4 31 16 0.45331040830877606 32 16 0.13327691559649466 31 17 0.3194823027420038 32 17 0.09393037335272554
60 113 4 31 17 0.12215183317391996 32 17 0.02768815764378091 31 18 0.6930633340676009 32 18 0.15709667511469827
61 113 4 31 17 0.0640590246202676 32 17 0.7829434046458404 31 18 0.011571247982105038 32 18 0.1414263227517869
60 114 4 31 18 0.04843173360517129 32 18 0.36182336257338144 31 19 0.06962099518797124 32 19 0.520123908633476
59 114 4 31 19 0.6115750922627009 32 19 0.10151756546744811 31 20 0.2460625311695898 32 20 0.04084481110026118
72 102 4 32 1 0.3965839587229511 33 1 0.2546391345063604 32 2 0.2123992957810538 33 2 0.13637761098963472
71 103 4 32 2 0.13971073496194902 33 2 0.07476502517982156 32 3 0.5116949757328113 33 3 0.273829264125418
70 104 4 32 4 0.5396098888777866 33 4 0.23811853817640324 32 5 0.1542182780077581 33 5 0.06805329493805207
69 105 4 32 5 0.2510475428901731 33 5 0.0899335510764614 32 6 0.4852030801861271 33 6 0.17381582584723845
69 106 4 32 6 0.023507485673825494 33 6 0.5778887136536499 32 7 0.0155806989540675 33 7 0.38302310171845716
68 106 4 32 7 0.7041024869609345 33 7 0.2001312739181337 32 8 0.07457059230612113 33 8 0.021195646814810672
68 107 4 32 7 0.013420634597277457 33 7 0.15122823164261365 32 8 0.068090006221371 33 8 0.767261127538738
67 107 4 32 8 0.38385101874671973 33 8 0.0836354090447787 32 9 0.4372445167110914 33 9 0.09526905549741024
66 108 4 32 9 0.026543761323847 33 9 0.004195333380099536 32 10 0.8369742303247195 33 10 0.13228667497133395
67 108 4 32 9 0.09021109132146268 33 9 0.6376904418308766 32 10 0.03372200568794121 33 10 0.23837646115971955
66 109 4 32 10 0.0484351180183294 33 10 0.24271908204646894 32 11 0.11792043518182994 33 11 0.5909253647533717
65 109 4 32 11 0.5381211625316112 33 11 0.05587059908476895 32 12 0.3678192853077107 33 12 0.03818895307590908
64 110 4 32 12 0.1491247828821326 33 12 0.008119645646677817 32 13 0.7992381211479448 33 13 0.04351745032324477
65 110 4 32 12 0.1783813648974286 33 12 0.6760255020797745 32 13 0.030396644493486183 33 13 0.11519648852931064
64 111 4 32 13 0.10491626936770292 33 13 0.31274326452194495 32 14 0.14628419621396732 33 14 0.43605626989638485
63 112 4 32 15 0.2880183064017417 33 15 0.6928938944003398 32 16 0.005604615370698464 33 16 0.013483183827220017
62 113 4 32 16 0.1828640886454293 33 16 0.36130077906910035 32 17 0.15318128931778074 33 17 0.30265384296768966
61 114 4 32 17 0.04065408168042017 33 17 0.06676345294652525 32 18 0.3378137524735597 33 18 0.5547687128994948
60 115 4 32 19 0.2822785758514714 33 19 0.38839162568790764 32 20 0.1386117144932639 33 20 0.19071808396735698
73 102 4 33 0 0.3028858098412592 34 0 0.04549972183647042 33 1 0.5665125500235831 34 1 0.08510191829868727
73 103 4 33 1 0.1048573386792509 34 1 0.5039432983593196 33 2 0.06737858273718426 34 2 0.3238207802242452
72 103 4 33 2 0.8312506861859246 34 2 0.08038751240422422 33 3 0.08057012986967312 34 3 0.007791671540178003
72 104 4 33 2 0.03693268308807864 34 2 0.13512062086292204 33 3 0.17772569451911194 34 3 0.6502210015298873
71 104 4 33 3 0.4531614134571114 34 3 0.021729452045496526 33 4 0.5010818587892418 34 4 0.02402727570815026
71 105 4 33 4 0.18903307208618364 34 4 0.5462728987772653 33 5 0.0680477617117624 34 5 0.19664626742478877
70 106 4 33 5 0.0894192942684251 34 5 0.2091393435074395 33 6 0.21008399572030528 34 6 0.49135736650383
69 107 4 33 7 0.29467547342146755 34 7 0.5671358312668452 33 8 0.04725027275801828 34 8 0.09093842255366899
68 108 4 33 8 0.1633725733770953 34 8 0.26169139822363324 33 9 0.22097562899314596 34 9 0.3539603994061255
67 109 4 33 10 0.42178454268505894 34 10 0.5665320958281177 33 11 0.004986115875937789 34 11 0.006697245610885565
66 110 4 33 11 0.2587925204141094 34 11 0.2927767850115154 33 12 0.21040059433764277 34 12 0.23803010023673246
65 111 4 33 12 0.05874470893447183 34 12 0.056077263403568715 33 13 0.4528708620080392 34 13 0.4323071656539202
64 112 4 33 14 0.37567913537945197 34 14 0.30239550387103675 33 15 0.178358891753829 34 15 0.1435664689956823
63 113 4 33 15 0.14394220167321883 34 15 0.09738510448970006 33 16 0.4525182816508032 34 16 0.3061544121862779
62 114 4 33 17 0.5140324182731459 34 17 0.2905475548022212 33 18 0.12485052124167492 34 18 0.07056950568295803
61 115 4 33 18 0.25060636234031297 34 18 0.11722627764748428 33 19 0.4306990333652633 34 19 0.20146832664693948
74 103 4 34 0 0.1323752387653697 35 0 0.17358783672159003 34 1 0.30027578801191723 35 1 0.393761136501123
73 104 4 34 2 0.41294135019233946 35 2 0.45627439220706845 34 3 0.062132132775702974 35 3 0.06865212482488915
72 105 4 34 3 0.2238006456333363 35 3 0.20866776367850176 34 4 0.2936952935254506 35 4 0.27383629716271135
70 107 4 34 6 0.3366927204296383 35 6 0.22228102270705272 34 7 0.26564813111068836 35 7 0.1753781257526206
69 108 4 34 7 0.0788071044353856 35 7 0.04341930561376451 34 8 0.5659562032956965 35 8 0.31181738665515335
68 109 4 34 9 0.4710514631542722 35 9 0.21442761380729722 34 10 0.21613430076756543 35 10 0.09838662227086517
67 110 4 34 10 0.18147672493342076 35 10 0.0672550189405933 34 11 0.5481314951791724 35 11 0.2031367609468137
67 111 4 34 11 0.016519667505289614 35 11 0.4926271817295654 34 12 0.015926114158910692 35 12 0.47492703660623437
66 111 4 34 12 0.6268768738072483 35 12 0.18510753697921387 34 13 0.14515380249610016 35 13 0.04286178671743767
66 112 4 34 12 0.005420424195500778 35 12 0.06697909195179877 34 13 0.06944781365946942 35 13 0.858152670193231
65 112 4 34 13 0.30561301335979 35 13 0.06962406433908791 34 14 0.5088401191343284 35 14 0.11592280316679371
65 113 4 34 14 0.07455608572274589 35 14 0.5610960973369729 34 15 0.042734608322965315 35 15 0.32161320861731585
64 113 4 34 15 0.8041689523885457 35 15 0.13432079222279478 34 16 0.05270663629631364 35 16 0.008803619092345845
64 114 4 34 15 0.031767720186371175 35 15 0.16713712978580672 34 16 0.1279454300501099 35 16 0.6731497199777122
63 114 4 34 16 0.45121596971450056 35 16 0.0505264418092592 34 17 0.4480820751611287 35 17 0.05017551331511152
62 115 4 34 17 0.06120719783179328 35 17 0.003787880604411139 34 18 0.8805133032346203 35 18 0.05449161832917525
63 115 4 34 17 0.15405917186854481 35 17 0.6080983450160522 34 18 0.048076434558691726 35 18 0.18976604855671111
62 116 4 34 18 0.07958168410557863 35 18 0.24582849969146317 34 19 0.16497637851244226 35 19 0.509613437690516
61 116 4 34 19 0.6182855939975435 35 19 0.009962151351080294 34 20 0.3658573632596257 35 20 0.005894891391750647
74 104 4 35 1 0.4165646886920298 36 1 0.14981349215577075 35 2 0.31892389963685347 36 2 0.11469791951534593
73 105 4 35 2 0.10084126818314988 36 2 0.0287895795771098 35 3 0.6770697763364889 36 3 0.19329937590325147
74 105 4 35 2 0.0316878034073917 36 2 0.7951054828012463 35 3 0.006638346473069968 36 3 0.16656836731829205
73 106 4 35 3 0.03149566701824789 36 3 0.35855028610284917 35 4 0.04925293905296923 36 4 0.5607011078259336
72 106 4 35 4 0.5683955591759605 36 4 0.12448795549671846 35 5 0.2519379415344337 36 5 0.05517854379288736
71 107 4 35 5 0.22098301644046744 36 5 0.03515316514464169 35 6 0.6417729404606822 36 6 0.10209087795420871
72 107 4 35 5 0.11741880368239899 36 5 0.8358798163511029 35 6 0.005752258579573578 36 6 0.04094912138692454
71 108 4 35 6 0.0855375450666646 36 6 0.43101374187928554 35 7 0.08005597338606343 36 7 0.40339273966798656
70 108 4 35 7 0.741693097588233 36 7 0.07769575090930993 35 8 0.16348531550370102 36 8 0.017125835998756122
70 109 4 35 7 0.01660049724225685 36 7 0.06320345661612337 35 8 0.1914154774012555 36 8 0.7287805687403642
69 109 4 35 8 0.36259143262614973 36 8 0.02005008278383775 35 9 0.5850094366565397 36 9 0.03234904793347284
69 110 4 35 9 0.16104609104342948 36 9 0.4820105297273845 35 10 0.08939233979083834 36 10 0.26755103943834774
68 111 4 35 10 0.060419920992415575 36 10 0.14588936669082855 35 11 0.23244096603260764 36 11 0.5612497462841481
67 112 4 35 12 0.25802130494852404 36 12 0.5115406496471682 35 13 0.07726203826726903 36 13 0.15317600713703872
66 113 4 35 13 0.12570601267091394 36 13 0.20710860883722296 35 14 0.25199978673562023 36 14 0.41518559175624287
65 114 4 35 15 0.37646318678194063 36 15 0.5196041016386299 35 16 0.04366506881536339 36 16 0.06026764276406599
64 115 4 35 16 0.2124587722777459 36 16 0.2468611830552694 35 17 0.25009193951031355 36 17 0.29058810515667116
63 116 4 35 17 0.011398568564859253 36 17 0.011174053680560828 35 18 0.4935745994139736 36 18 0.4838527783406063
62 117 4 35 19 0.32067819981292567 36 19 0.265147089344957 35 20 0.2267174243566915 36 20 0.1874572864854258
76 104 4 36 0 0.2462462540052977 37 0 0.7144568037393138 36 1 0.01007254504526032 37 1 0.029224397210128226
75 105 4 36 1 0.15652719087492203 37 1 0.3674285337821376 36 2 0.1422140643663915 37 2 0.3338302109765489
74 106 4 36 2 0.02975233853586829 37 2 0.05745605303362151 36 3 0.31141137289620063 37 3 0.6013802355343096
73 107 4 36 4 0.24950786461096688 37 4 0.4009531938709566 36 5 0.1340783030118575 37 5 0.21546063850621902
72 108 4 36 5 0.09104389004531578 37 5 0.12266983534902347 36 6 0.334964733768264 37 6 0.4513215408373967
71 109 4 36 7 0.3639552062753472 37 7 0.41301118603145465 36 8 0.10447587372898803 37 8 0.11855773396421014
70 110 4 36 8 0.173802109483103 37 8 0.16641694973610013 36 9 0.33705142671200566 37 9 0.3227295140687912
69 111 4 36 10 0.499869215868059 37 10 0.4036025102635923 36 11 0.0534067765178051 37 11 0.043121497350543596
68 112 4 36 11 0.27802699684923055 37 11 0.188697396194851 36 12 0.31767145172740346 37 12 0.21560415522851498
67 113 4 36 12 0.019128988621726548 37 12 0.010848071334803101 36 13 0.6189919161456485 37 13 0.35103102389782187
66 114 4 36 14 0.4037185521436964 37 14 0.18951117472528134 36 15 0.27682480881444843 37 15 0.12994546431657378
65 115 4 36 15 0.11313142168959164 37 15 0.04335097209181636 36 16 0.6098343954593088 37 16 0.2336832107592833
65 116 4 36 16 0.010757364049661537 37 16 0.4061401350925694 36 17 0.015046014650846085 37 17 0.568056486206923
64 116 4 36 17 0.5508767753664718 37 17 0.16885828532736982 36 18 0.21451149797318392 37 18 0.06575344133297437
63 117 4 36 18 0.2286005226857758 37 18 0.0543872049204961 36 19 0.5792102068446354 37 19 0.13780206554909266
64 117 4 36 18 0.06687156339789062 37 18 0.9132786026567884 36 19 0.0013542714933724544 37 19 0.01849556245194847
63 118 4 36 19 0.06012659483693858 37 19 0.4832762381301742 36 20 0.05052169624507993 37 20 0.40607547078780726
76 105 4 37 0 0.12363962734507632 38 0 0.0974785357603725 37 1 0.435516733257078 38 1 0.34336510363747313
75 106 4 37 2 0.4718608758490391 38 2 0.3125099541688579 37 3 0.12971794094387076 38 3 0.08591122903823226
74 107 4 37 3 0.22386997454215465 38 3 0.12375352238815808 37 4 0.42013129844151065 38 4 0.23224520462817666
73 108 4 37 5 0.6252470132010385 38 5 0.28562915064172234 37 6 0.061176715973382145 38 6 0.027947120183856974
72 109 4 37 6 0.34556698966757227 38 6 0.12856184108761884 37 7 0.38327919569760394 38 7 0.14259197354720501
71 110 4 37 7 0.02883117692543519 38 7 0.008550320742189591 37 8 0.7424374646304964 38 8 0.2201810377018788
72 110 4 37 7 0.02327310417114722 38 7 0.7112708319448703 37 8 0.008410642745621758 38 8 0.2570454211383607
71 111 4 37 8 0.022068575548758042 38 8 0.2757280274797041 37 9 0.05203762755876638 38 9 0.6501657694127714
70 111 4 37 9 0.4887306727213177 38 9 0.11190349185872636 37 10 0.3249604250253983 38 10 0.0744054103945577
69 112 4 37 10 0.14030573775260072 38 10 0.0235810937399024 37 11 0.715807816184885 38 11 0.12030535232261176
70 112 4 37 10 0.1003369170160109 38 10 0.7607123529248705 37 11 0.016191742282312307 38 11 0.12275898777680629
69 113 4 37 11 0.06744326616700895 38 11 0.3568586706863316 37 12 0.09150784932205526 38 12 0.48419021382460425
68 113 4 37 12 0.6533610237033991 38 12 0.07377847470152327 37 13 0.2451749864248277 38 13 0.027685515170249902
67 114 4 37 13 0.2732469665080823 38 13 0.0171451988092848 37 14 0.6677114998109144 38 14 0.041896334871718476
68 114 4 37 13 0.1988673977891744 38 13 0.7886872059765854 37 14 0.0025061738906597144 38 14 0.009939222343580524
67 115 4 37 14 0.13428462471358774 38 14 0.4165226459646202 37 15 0.10951140315700181 38 15 0.3396813261647903
66 115 4 37 15 0.8394580426138524 38 15 0.01418678961597714 37 16 0.1439228798958997 38 16 0.0024322878742706823
66 116 4 37 15 0.032646062429328195 38 15 0.08141387516132437 37 16 0.25357242163201676 38 16 0.6323676407773307
65 117 4 37 17 0.22259265118848853 38 17 0.4547199533145832 37 18 0.10604828906361188 38 18 0.21663910643331633
64 118 4 37 18 0.08926496667764437 38 18 0.15130030473788653 37 19 0.2817984297652115 38 19 0.4776362988192576
77 105 4 38 0 0.7525965787808836 39 0 0.16568402277298694 38 1 0.06697488718210823 39 1 0.014744511264021326
77 106 4 38 0 0.02187396770446061 39 0 0.1568217392102472 38 1 0.10053505981012396 39 1 0.7207692332751682
76 106 4 38 1 0.41507875073276734 39 1 0.06645451773351885 38 2 0.4469151714209798 39 2 0.07155156011273398
75 107 4 38 2 0.04050513347600585 39 2 0.004280801902728498 38 3 0.8639112448684968 39 3 0.09130281975276887
76 107 4 38 2 0.12229645129068724 39 2 0.6196519225364254 38 3 0.04253503241465277 39 3 0.2155165937582346
75 108 4 38 3 0.06325411815366498 39 3 0.24194692258590672 38 4 0.14399982174243048 39 4 0.5507991375179977
74 108 4 38 4 0.5757145615458031 39 4 0.03232404074535042 38 5 0.37112427298945494 39 5 0.020837124719391496
73 109 4 38 5 0.16945182206244866 39 5 0.0018394471411495928 38 6 0.8198094686635649 39 6 0.008899262132836873
74 109 4 38 5 0.2168323918948127 39 5 0.6516213157571782 38 6 0.03284400419203819 39 6 0.09870228815597083
73 110 4 38 6 0.12610093653119808 39 6 0.30560543803323753 38 7 0.16599791574640826 39 7 0.4022957096891561
71 112 4 38 9 0.2104144228370693 39 9 0.3477972855522337 38 10 0.16652934182206242 39 10 0.2752589497886346
70 113 4 38 10 0.050938056038181995 39 10 0.07052631926355124 38 11 0.3684281648117196 39 11 0.5101074598865472
69 114 4 38 12 0.31619457707128845 39 12 0.36852246514289294 38 13 0.14559409996938305 39 13 0.16968885781643556
68 115 4 38 13 0.12502908804578972 39 13 0.12294062108080742 38 14 0.3791820451856407 39 14 0.3728482456877622
67 116 4 38 15 0.4434413992338176 39 15 0.36778097680522776 38 16 0.10319219018836831 39 16 0.0855854337725864
66 117 4 38 16 0.220586787981741 39 16 0.15388825496974892 38 17 0.3684692576312003 39 17 0.25705569941730977
65 118 4 38 18 0.5921548893246731 39 18 0.3455728205392362 38 19 0.03932361247902375 39 19 0.022948677657067065
64 119 4 38 19 0.33761115584600876 39 19 0.1633692209303485 38 20 0.3362898021484434 39 20 0.1627298210751993
78 106 4 39 0 0.3352996350205169 40 0 0.5405585103425837 39 1 0.0475244978549195 40 1 0.07661735678197995
77 107 4 39 1 0.18673037514225435 40 1 0.25238043713327646 39 2 0.23851621392393751 40 2 0.32237297380053176
75 109 4 39 4 0.28851598920741645 40 4 0.2771001568929961 39 5 0.2215755122402753 40 5 0.2128083416593121
74 110 4 39 5 0.07120181789387885 40 5 0.05766699511893507 39 6 0.4813121397445684 40 6 0.3898190472426177
73 111 4 39 7 0.41176827120090453 40 7 0.28035320872437197 39 8 0.1831681426282982 40 8 0.12471037744642531
72 112 4 39 8 0.1627649776607861 40 8 0.09260916917690616 39 9 0.47459389235918653 40 9 0.27003196080312125
71 113 4 39 10 0.5564872211227212 40 10 0.26213959262741915 39 11 0.12329410508799231 40 11 0.05807908116186728
70 114 4 39 11 0.2757948053560337 40 11 0.10608467530653692 39 12 0.4464089770454787 40 12 0.17171154229195074
70 115 4 39 12 0.01608391964783883 40 12 0.6262106663755727 39 13 0.008957424305280797 40 13 0.3487479896713077
69 115 4 39 13 0.7226728389729187 40 13 0.2224593086021 39 14 0.04195339961934905 40 14 0.012914452805632196
69 116 4 39 13 0.013866998792186162 40 13 0.19168025414365553 39 14 0.0535968013516889 40 14 0.7408559457124694
68 116 4 39 14 0.41029130097958455 40 14 0.09809351350783897 39 15 0.39675739380343866 40 15 0.09485779170913779
67 117 4 39 15 0.06085397377762098 40 15 0.010783507622261672 39 16 0.7886171771961576 40 16 0.1397453414039596
68 117 4 39 15 0.08448054506249097 40 15 0.6843193747857843 39 16 0.02540571127213953 40 16 0.20579436887958508
67 118 4 39 16 0.05057450198024929 40 16 0.28147808478047076 39 17 0.10173421054513668 40 17 0.5662132026941433
66 118 4 39 17 0.5662544645315108 40 17 0.06863568378082001 39 18 0.32563914263302335 40 18 0.039470709054645836
65 119 4 39 18 0.18512801510291974 40 18 0.013014800121826814 39 19 0.7491880482523698 40 19 0.052669136522883596
66 119 4 39 18 0.17434383840547468 40 18 0.7209614152676791 39 19 0.020387330310666727 40 19 0.08430741601617954
65 120 4 39 19 0.10874867309664017 40 19 0.34980924748894376 39 20 0.1284049518102567 40 20 0.41303712760415945
78 107 4 40 0 0.09343734799644525 41 0 0.042835902727478246 40 1 0.5922243464305875 41 1 0.27150240284548904
77 108 4 40 2 0.5093137335774065 41 2 0.19021218405896517 40 3 0.2187704170403817 41 3 0.0817036653232467
76 109 4 40 3 0.20247263552264927 41 3 0.06030594902615254 40 4 0.5680339712858943 41 4 0.16918744416530387
77 109 4 40 3 0.02968302001270128 41 3 0.9302580029845222 40 4 0.0012386921566797085 41 4 0.038820284846096835
76 110 4 40 4 0.0383732060776928 41 4 0.48482048383193554 40 5 0.034970962282443646 41 5 0.44183534780792805
75 110 4 40 5 0.6715048112585207 41 5 0.15452644020271494 40 6 0.14142425174077847 41 6 0.03254449679798599
75 111 4 40 5 0.010007602934013347 41 5 0.07643875388805957 40 6 0.10575902161687854 41 6 0.8077946215610485
74 111 4 40 6 0.33297459097717214 41 6 0.05630932739649357 40 7 0.5223769282128824 41 7 0.08833915341345192
74 112 4 40 7 0.1027752913233167 41 7 0.54692373241119 40 8 0.05541378941834508 41 8 0.2948871868471483
73 112 4 40 8 0.8551625568679901 41 8 0.09737402841812375 40 9 0.04261141851283425 41 9 0.004851996201051864
73 113 4 40 8 0.04272056595303848 41 8 0.1702311246939128 40 9 0.1578909709793643 41 9 0.6291573383736845
72 113 4 40 9 0.48494321436002713 41 9 0.030846037838506094 40 10 0.45525321721153833 41 10 0.02895753058992851
71 114 4 40 10 0.07766808264344366 41 10 0.001373836467548571 40 11 0.9049508051188916 41 11 0.016007275770116135
72 114 4 40 10 0.1886440444972607 41 10 0.5875603130621098 40 11 0.05438994862591196 41 11 0.16940569381471754
71 115 4 40 11 0.0969001969003997 41 11 0.24255682757142993 40 12 0.18855625241352844 41 12 0.471986723114642
70 116 4 40 13 0.2959794655995595 41 13 0.6067302257846748 40 14 0.03189943990515291 41 14 0.06539086871061267
69 117 4 40 14 0.17254649577609713 41 14 0.2934158625205964 40 15 0.19775486591937078 41 15 0.3362827757839357
68 118 4 40 15 0.012057736743947282 41 15 0.017157288465165486 40 16 0.4006660811422761 41 16 0.5701188936486111
67 119 4 40 17 0.2696594625801085 41 17 0.32280822954143806 40 18 0.1854868114968703 41 18 0.22204549638158325
66 120 4 40 18 0.07748158132138584 41 18 0.07823877771261971 40 19 0.4200871489463484 41 19 0.42419249201964604
79 107 4 41 0 0.7884941696411462 42 0 0.04494151953119892 41 1 0.157582630146695 42 1 0.008981680680959885
79 108 4 41 0 0.023360810582425565 42 0 0.07048998395075692 41 1 0.22555355075700848 42 1 0.6805956547098091
78 108 4 41 1 0.3921261448451702 42 1 0.004562211239590678 41 2 0.5963731111334553 42 2 0.006938532781783784
78 109 4 41 2 0.19143843124565213 42 2 0.4656650301999496 41 3 0.09989838628456621 42 3 0.24299815226983207
77 110 4 41 3 0.07354590136074723 42 3 0.14681022699729915 41 4 0.26021337236022657 42 4 0.519430499281727
76 111 4 41 5 0.29477931217888986 42 5 0.4888294830915758 41 6 0.0814024177328394 42 6 0.13498878699669495
75 112 4 41 6 0.145197660067406 42 6 0.20166380211551874 41 7 0.2734065260350932 42 7 0.3797320117819821
74 113 4 41 8 0.4195868610404629 42 8 0.49052726805488106 41 9 0.04143978125277721 42 9 0.048446089651878806
73 114 4 41 9 0.23831608670238713 42 9 0.2350507093054015 41 10 0.2651330117816264 42 10 0.26150019221058496
72 115 4 41 10 0.019989523155616827 42 10 0.016629939764605514 41 11 0.5258820315191521 42 11 0.4374985055606255
71 116 4 41 12 0.35290118126569786 42 12 0.24697094856695817 41 13 0.2353928295998266 42 13 0.16473504056751737
70 117 4 41 13 0.10288549549233014 42 13 0.060239301252741656 41 14 0.5278309715639787 42 14 0.3090442316909496
69 118 4 41 15 0.4889529437573662 42 15 0.2374245199001682 41 16 0.184185979489698 42 16 0.08943655685276762
68 119 4 41 16 0.20724813575737902 42 16 0.08238199481255669 41 17 0.5083132436804407 42 17 0.20205662574962366
68 120 4 41 17 0.010120249837397833 42 17 0.5399249860933787 41 18 0.008278691152014662 42 18 0.44167607291720873
67 120 4 41 18 0.6464713741773265 42 18 0.20641142330505727 41 19 0.11151246145124855 42 19 0.03560474106636759
67 121 4 41 18 0.006890936748508515 42 18 0.10640696609472715 41 19 0.05393046043165942 42 19 0.8327716367251048
66 121 4 41 19 0.3330774439507913 42 19 0.08305802044405164 41 20 0.46732884786853923 42 20 0.1165356877366178
80 108 4 42 0 0.402886348107366 43 0 0.3881268848742092 42 1 0.10644311859290889 43 1 0.10254364842551589
79 109 4 42 1 0.1954668914812467 43 1 0.15879900841277314 42 2 0.3562850314097837 43 2 0.2894490686961965
78 110 4 42 3 0.5451660247282525 43 3 0.3723525420781867 42 4 0.04900835435356222 43 4 0.033473078839998664
77 111 4 42 4 0.3060574458755306 43 4 0.17471378784335317 42 5 0.3305393893970396 43 5 0.18868937688407666
76 112 4 42 5 0.029893077814119862 43 5 0.014130822817183157 42 6 0.6491262136492201 43 6 0.30684988571947686
75 113 4 42 7 0.43811466819814593 43 7 0.1691618993456198 42 8 0.2833270794559352 43 8 0.10939635300029919
74 114 4 42 8 0.13026117791014288 43 8 0.04026805654603847 42 9 0.633603025934708 43 9 0.1958677396091106
75 114 4 42 8 0.02106695442166434 43 8 0.8466247184829386 42 9 0.003212354784038402 43 9 0.1290959723113586
74 115 4 42 9 0.02874474825340634 43 9 0.4021995915636124 42 10 0.03795701714305185 43 10 0.5310986430399294
73 115 4 42 10 0.591638558449089 43 10 0.14214334291954048 42 11 0.21464810158651731 43 11 0.05156999704485314
72 116 4 42 11 0.25209594593448487 43 11 0.044938622346560424 42 12 0.5966131702918769 43 12 0.10635226142707777
72 117 4 42 12 0.08447964606884095 43 12 0.47297002757304524 42 13 0.06706703170912814 43 13 0.3754832946489857
71 117 4 42 13 0.7666291166283521 43 13 0.09365811856514124 42 14 0.12450245578876508 43 14 0.015210309017741489
71 118 4 42 13 0.023412528465321603 43 13 0.09728981208900919 42 14 0.17055660550340293 43 14 0.7087410539422663
70 118 4 42 14 0.39539738188718127 43 14 0.02814252021874236 42 15 0.5381566467207203 43 15 0.03830345117335604
70 119 4 42 15 0.1616812118126238 43 15 0.5222737956541262 42 16 0.07471037834688507 43 16 0.2413346141863649
69 119 4 42 16 0.9630863427359726 43 16 0.023706226282384772 42 17 0.012890142062684498 43 17 0.00031728891895818075
69 120 4 42 16 0.06892497198250183 43 16 0.17828270239669286 42 17 0.20988907436776247 43 17 0.5429032512530428
68 121 4 42 18 0.2603494454847193 43 18 0.5501108958068947 42 19 0.06088705705630047 43 19 0.12865260165208559
67 122 4 42 19 0.13590408342801258 43 19 0.23780892477606047 42 20 0.22775487530376265 43 20 0.3985321164921643
