background
2D
42
3 39 2 198 161 0.3454717647058807 199 161 0.6545282352941193
5 38 2 200 159 0.5287118823529369 199 159 0.47128811764706313
0 38 4 195 162 0.19408658422801672 196 162 0.6757811804778705 195 163 0.02903535694845593 196 163 0.10109687834565685
0 39 4 196 162 0.07129095760146993 197 162 0.048210042398529704 196 163 0.5252811012220557 197 163 0.3552178987779446
1 38 4 196 161 0.23468401233841352 197 161 0.26173363472042066 196 162 0.2380711641321751 197 162 0.2655111888089907
1 39 4 197 162 0.6313122063282013 198 162 0.11473867602474534 197 163 0.2148930877894404 198 163 0.039056029857612994
2 38 4 197 160 0.08883031827039634 198 160 0.034137211141370576 197 161 0.6335580934943118 198 161 0.24347437709392128
2 39 4 197 161 0.03570950934710913 198 161 0.3368912553587702 197 162 0.06012902006465206 198 162 0.5672702152294686
3 38 4 198 160 0.7285471490828067 199 160 0.020970262681907166 198 161 0.24347449797602094 199 161 0.0070080902592651794
4 38 4 198 159 0.0833571518344368 199 159 0.2927101422832098 198 160 0.1382977305185068 199 160 0.4856349753638466
4 39 4 199 160 0.3723575135555828 200 160 0.25334301585617625 199 161 0.2227474864444139 200 161 0.1515519841438271
5 39 4 200 159 0.21308556768633188 201 159 0.03916484407837409 200 160 0.6316526676077843 201 160 0.11609692062750973
6 38 4 200 158 0.45357996727308125 201 158 0.17558709155044508 200 159 0.2673413856681014 201 159 0.10349155550837227
6 39 4 200 159 0.08293367610925562 201 159 0.7958666180083831 200 160 0.011437794478980075 201 160 0.10976191140338121
7 38 4 201 157 0.24818725054832208 202 157 0.007529690628151179 201 158 0.7223673376869766 202 158 0.02191572113655021
7 39 4 201 158 0.17384283882435833 202 158 0.33150733764622736 201 159 0.17016186705799333 202 159 0.324487956471421
8 38 4 201 157 0.19426441164515312 202 157 0.688002411884267 201 158 0.025923411884261446 202 158 0.09180976458631834
8 39 4 202 157 0.07830087936105687 203 157 0.05359917946247574 202 158 0.5153370618154107 203 158 0.35276287936105666
9 38 4 202 156 0.23905280350474978 203 156 0.26976390237760317 202 157 0.2307682553187843 203 157 0.26041503879886274
9 39 4 203 157 0.6395789741899256 204 157 0.1188709669865398 203 158 0.2036922022806616 204 158 0.037857856542873054
10 38 4 203 155 0.09739007318594228 204 155 0.03797651504935762 203 156 0.6220642209317078 204 156 0.24256919083299233
10 39 4 203 156 0.03576818213451455 204 156 0.34923164139489776 203 157 0.05713622963018855 204 157 0.5578639468403992
11 38 4 204 155 0.7383637501004856 205 155 0.02355272048774708 204 156 0.23072377931128402 205 156 0.007359750100483354
11 39 4 204 155 0.003956209077159917 205 155 0.007593496805185135 204 156 0.3385814379816627 205 156 0.6498688561359922
12 38 4 204 154 0.08496565777780123 205 154 0.30350069516337835 204 155 0.13375510692808432 205 155 0.4777785401307361
12 39 4 205 155 0.37786399619433964 206 155 0.26023559204095237 205 156 0.2143068861585989 206 156 0.14759352560610908
13 38 4 205 153 0.00703291386494542 206 153 0.007983321429181126 205 154 0.4613210861350596 206 154 0.5236626785708138
13 39 4 206 154 0.22278301407429354 207 154 0.04186645651394541 206 155 0.6190211035727645 207 155 0.1163294258389965
14 38 4 206 153 0.46063628306779714 207 153 0.18092983457926212 206 154 0.2573509522263274 207 154 0.1010829301266133
14 39 4 206 154 0.08148890977583102 207 154 0.8097104431653407 206 155 0.009948443165346581 207 155 0.09885220389348172
15 38 4 207 152 0.2594345300922437 208 152 0.008681469907762553 207 153 0.7081859404960004 208 153 0.023698059503993372
15 39 4 207 153 0.1765890362401403 208 153 0.3411601990539783 207 154 0.16448155199515682 208 154 0.31776921271072456
16 38 4 207 152 0.19436947846768435 208 152 0.7002964038852546 207 153 0.02288422741467213 208 153 0.08244989023238888
16 39 4 208 152 0.08523804052603334 209 152 0.05906107712101804 208 153 0.5054657830033762 209 153 0.3502350993495724
17 38 4 208 151 0.2433488340764889 209 151 0.277866930629397 208 152 0.2235381070999871 209 152 0.255246128194127
17 39 4 209 152 0.6477729814570572 210 152 0.12307601854294119 209 153 0.1925640773664719 210 153 0.03658692263352976
18 38 4 209 150 0.10587706750688641 210 150 0.04188857955194648 209 151 0.6106431089637073 210 151 0.2415912439774598
18 39 4 209 151 0.0357540943273186 210 151 0.3616447880256267 209 152 0.054216199790328184 210 152 0.5483849178567265
19 38 4 210 150 0.7481075905235776 211 150 0.026207938888188093 210 151 0.21804582124113572 211 151 0.007638649347098651
19 39 4 210 150 0.008133085019168122 211 150 0.015815679686709914 210 151 0.3314704443925982 211 151 0.6445807909015238
20 38 4 210 149 0.08650140312656499 211 149 0.31436400863814756 210 150 0.129285243932266 211 150 0.46984934430302144
20 39 4 211 150 0.3832977182384968 212 150 0.2672009288203282 211 151 0.20593904646738728 212 151 0.14356230647378773
